0 0.27691012812120086 0.46051697273990094
1 0.2592350135602731 0.5658814553243806
2 0.3279715701861031 0.6314113430075717
3 0.2944917235574675 0.6290032014376978
4 0.30028990928644916 0.6450971612808865
5 0.31590760310483496 0.6075812253155457
6 0.40325446553820254 0.5010575990040794
7 0.357710651828299 0.3855220042587492
8 0.3760404002618536 0.3952522481543641
9 0.4094267277658282 0.3770103319947016
10 0.43738894603946515 0.33586209676887485
11 0.425792574581502 0.26810266869432026
12 0.40241279341625374 0.261433576371366
13 0.370429252782194 0.2194842634708184
14 0.3609838211914337 0.16798590871325747
15 0.39511830169269624 0.11831549022182684
16 0.4093332086411672 0.09674517645245827
17 0.4680632189282709 0.08692279941386588
18 0.44870476012344535 0.07128859937291178
19 0.42635368932946793 0.04734110750869983
20 0.4279435144487049 0.02825952491567579
21 0.4212101374731133 0.01075230405605299
22 0.41821752548396157 0.0070372269374777575
23 0.5135135135135137 0.016743164453612278
24 0.5518563546245208 0.03723134588195767
25 0.5463387262695222 0.07073253768311273
26 0.5813148788927337 0.10553887426388382
27 0.5530721032451138 0.17068408541936048
28 0.480501262508183 0.19565718095624055
29 0.4527260824838681 0.23406470577522578
30 0.4101748807631161 0.28533954342352386
31 0.40718226877396435 0.31139947461581097
32 0.40166464041896577 0.3701044406341353
33 0.3491068923594876 0.4378371916267483
34 0.30066398578509307 0.49370557454626623
35 0.2594220518095951 0.5372570667711539
36 0.14617039184513236 0.5057059031887828
37 0.08369961657158889 0.46771818656146286
38 0.11456092770971664 0.4800616205470266
39 0.13915645749555786 0.48699122363725095
40 0.14935004208360608 0.42722346202299566
41 0.18666417282334238 0.35515522609549044
42 0.24885439072290283 0.3089377072677425
43 0.20929580099130274 0.23249348114545182
44 0.1702048068830076 0.17830937779196046
45 0.14168147386140467 0.1440415192191591
46 0.08566351818946978 0.12217204971612386
47 0.01533713644440288 0.12660780710218947
48 0.006546338726269523 0.16355243977601028
49 0.002899092864490789 0.18610076051558844
50 0.002805573739829796 0.17357875918307225
51 0.008510240344150379 0.17250394057232968
52 0.019919573552791548 0.16620455825186253
53 0.07023286262040589 0.13677379638416534
54 0.14841485083699618 0.09816253016743706
55 0.2350135602730759 0.061328743300209494
56 0.27344992050874406 0.0406187936179008
57 0.2879453848311981 0.0149362625656893
58 0.2567099971944263 0.014727776918124744
59 0.1810530253436828 0.00906346500721408
60 0.09286449078836624 0.045727691831186544
61 0.06555690638735621 0.11384134723613368
62 0.047601234452445525 0.1780725795383266
63 0.03815580286168522 0.2909830623337508
64 0.04395398859066679 0.38067603193989846
65 0.07490881885345554 0.4097358931156787
66 0.08538296081548678 0.4113842365621759
67 0.12784064341157766 0.3721552642486665
68 0.1524361731974189 0.2961773739877468
69 0.15570934256055366 0.2407609117173301
70 0.1536519218180118 0.17394350759539
71 0.1699242495090246 0.12906741658406187
72 0.18479379033012255 0.1394412849689819
73 0.21415879547367442 0.17452622019351147
74 0.28149256522958954 0.24201277453537598
75 0.33713644440288043 0.2950650810631374
76 0.4167212194893856 0.31904761977431156
77 0.4366407930421772 0.26284869699382113
78 0.41307397362760695 0.29389526192382076
79 0.44281305526980275 0.25237534787591426
80 0.481436453754793 0.21610106197519752
81 0.507808846909193 0.19692342957805686
82 0.5382025624240159 0.24846550552320562
83 0.5493313382586741 0.280771529710393
84 0.4955578415786029 0.3076903316550491
85 0.4139156457495558 0.3504326089645699
86 0.30982886000187043 0.4284654335195619
87 0.2594220518095951 0.5298815707613079
88 0.23473300289909288 0.6461266651348567
89 0.23959599738146456 0.6707355294807397
90 0.27513326475264194 0.720560959487792
91 0.27616197512391294 0.7320896756656545
92 0.2540914617039185 0.6946714260762733
93 0.2813990461049285 0.6749961716393171
94 0.2815860843542505 0.6024954028539633
95 0.2686804451510334 0.5539664857080685
96 0.28813242308052 0.532588498146738
97 0.328906761432713 0.5399480612986625
98 0.37164500140278695 0.5416703992312873
99 0.40493780978210053 0.4874752444105543
100 0.4457121481342936 0.33259158876210004
101 0.5018236229308894 0.31110644914739244
102 0.4993921256897037 0.3380856066346153
103 0.4768540166464043 0.2958477177365992
104 0.4967735901991958 0.2608314490049422
105 0.5001402786869916 0.2133917344873518
106 0.5387636771719817 0.2663370266917642
107 0.5798185728981577 0.28813619147197006
108 0.6406060039278033 0.28997853535584545
109 0.5949686710932386 0.25483212408788897
110 0.562611053960535 0.21717728620202803
111 0.44870476012344523 0.176249224639708
112 0.43533152529692326 0.18428828057021146
113 0.4599270550827645 0.22847138594287367
114 0.5548489666136726 0.3144821863529973
115 0.5604601140933322 0.3670510890527211
116 0.6382680258112785 0.35264248249699154
117 0.6266716543533153 0.3932925796771263
118 0.5035069671747873 0.41136850675007774
119 0.46030113158140845 0.38940684070701326
120 0.48527073786589364 0.5186560199189596
121 0.4830262788740298 0.5432994997820562
122 0.4503881043673432 0.4904678997122141
123 0.4661928364350511 0.5150702428751854
124 0.37622743851117557 0.4467358076991675
125 0.28439165809408035 0.3303328964268975
126 0.18086598709436083 0.252944581418867
127 0.14682502571775932 0.24387483532409945
128 0.13672496025437206 0.3214504492687192
129 0.1595436266716544 0.39722203708850096
130 0.23875432525951562 0.4184935122384734
131 0.32628822594220525 0.4314505783251223
132 0.4093332086411672 0.361382380007358
133 0.521930234733003 0.2537948470000298
134 0.6065650425512019 0.19709296745325156
135 0.6836248012718602 0.14402180729004369
136 0.7494622650331995 0.1395262818882394
137 0.7903301225100534 0.11667326421002193
138 0.7677920134667541 0.09745300371460025
139 0.7772374450575144 0.09982481670644756
140 0.7128962872907512 0.06539486231773388
141 0.6291031515945011 0.0926039739623491
142 0.507808846909193 0.13725393381896836
143 0.39362199569812034 0.20233036771810467
144 0.2894416908257739 0.21386164044344091
145 0.21565510146825032 0.24635345429428512
146 0.2006920415224914 0.2789757685655762
147 0.26269522117272986 0.3580803777114002
148 0.3243243243243244 0.4130428199185932
149 0.3923127279528665 0.4825742492527239
150 0.4705882352941177 0.5457974662466503
151 0.5284765734592726 0.5408781096267841
152 0.49462265033199304 0.43526043094732814
153 0.48199756850275893 0.34278658783348653
154 0.43299354718039845 0.2729014188154498
155 0.42139717572243535 0.16944498360010155
156 0.3749181707659217 0.10213577739087404
157 0.3450855699990648 0.1336038119144438
158 0.35686897970635 0.14808121492539
159 0.39465070606939123 0.17984851518890405
160 0.4170017768633686 0.21083153122624515
161 0.45936594033479855 0.2633283585930393
162 0.5393247919199478 0.32478169288338987
163 0.5152903768820725 0.30782432083435257
164 0.45786963434022265 0.2722107408053055
165 0.4598335359581035 0.2509506120172982
166 0.521930234733003 0.19340628914658123
167 0.4885439072290284 0.1573149830032887
168 0.5763583652857012 0.24071618468174316
169 0.5982418404563735 0.3061347918455089
170 0.5235200598522398 0.24409832050392397
171 0.35069671747872444 0.2326968035626151
172 0.28542036846535124 0.3207688310798392
173 0.15047227157953802 0.27621451016820353
174 0.08828205367997757 0.30205826579758394
175 0.040587300102871045 0.38098368164595947
176 0.028055737398297958 0.4918295411782686
177 0.016552885064995793 0.46619111972484856
178 0.01112877583465819 0.46646168054543585
179 0.011876928831946135 0.5073284922735479
180 0.012812120078556066 0.49182146425361517
181 0.015243617319741892 0.44623114073661885
182 0.020106611802113535 0.26900275631976805
183 0.04778827270176752 0.13217635040250253
184 0.047601234452445525 0.11952336882065802
185 0.06462171514074629 0.13154937090249255
186 0.07612456747404846 0.08053044997077471
187 0.07986533246048819 0.04665393155839432
188 0.056859627793883864 0.017537553953563104
189 0.05424109230337606 0.01359562216277338
190 0.03488263349855046 0.01121284020108611
191 0.03647245861778735 0.010566907025526005
192 0.03637893949312635 0.025192218966991503
193 0.030861311138127755 0.05572712685538306
194 0.031141868512110735 0.09321157686370858
195 0.03684653511643132 0.13441994039647462
196 0.022444589918638368 0.13715420677278933
197 0.01730103806228374 0.13208654203048906
198 0.0356307864958384 0.10636275573413621
199 0.03675301599177032 0.062355343728574986
200 0.03899747498363416 0.020672456740878094
