0 0.08009677830128613 0.2752470923304002
1 0.12008149751687253 0.3375807292005816
2 0.18069527569081878 0.3546323068424537
3 0.21112950464790523 0.15947564874338413
4 0.2247548707500318 0.09349285075611705
5 0.2340506812683051 0.030819675714865036
6 0.23035782503501842 0.09681209969482624
7 0.20132433464917865 0.498305546639572
8 0.18222335413217877 0.3656219844652081
9 0.20527187062269192 0.22778326103099625
10 0.23965363555329172 0.21153657694679748
11 0.29313638100089134 0.3176198820853739
12 0.3346491786578378 0.29838223726804963
13 0.38252896982045076 0.25619346520009406
14 0.4123264994269706 0.25271293456184174
15 0.3911880809881573 0.29587805147654755
16 0.343562969565771 0.3869740946399138
17 0.40226664968801734 0.3520780750324346
18 0.45562205526550353 0.4342268393573428
19 0.5764675920030562 0.3633900278902818
20 0.6677702788743156 0.2385285270965763
21 0.6453584617343691 0.25707719102862997
22 0.5115242582452566 0.47231496555463226
23 0.38443906787215076 0.46649954556790263
24 0.1752196612759455 0.5779083620291197
25 0.02839679103527314 0.502129891633598
26 0.007003692856233286 0.3165335640988703
27 0.023557875970966508 0.26219486259018987
28 0.04864383038329301 0.23365267378792726
29 0.06596205271870623 0.1201987789897486
30 0.06749013116006622 0.07649739449980582
