11.8772213 0.7907527 0.0675150 0 0.1016109 0.0000000
13.4363460 0.8340818 -0.0037731 0 0.2432820 0.0000000
13.9578284 0.8150655 -0.0019156 0 0.2038535 0.0000000
14.1626662 0.8565382 -0.0270325 0 0.3426120 0.0000000
14.1304841 0.7775273 -0.0223233 0 0.2784042 0.0000000
14.1205238 0.7862427 0.0165675 0 0.2685315 0.0000000
14.4565668 0.8674509 0.0869015 0 0.1103586 0.0000000
13.6272285 0.7782936 -0.0654256 0 0.2119392 0.0000000
14.2682186 0.8463527 0.0407268 0 0.2390283 0.0000000
13.0515009 0.8071109 -0.1048873 0 0.5292066 0.0030303
13.7044930 0.7567800 0.0122510 1 0.3593603 0.0000000
13.1850320 0.7777200 -0.0098862 0 0.1700445 0.0175439
11.7781242 0.7729127 0.0077096 0 1.4506369 0.0000000
12.7628473 0.7665000 -0.0258090 0 1.8052485 0.0000000
10.1582460 0.7526373 0.0073689 0 2.2394700 0.0000000
11.1456084 0.7910773 0.0932145 1 2.5219122 0.0123457
0.0000000 0.8639727 0.1190809 0 -1.0000000 0.0000000
0.0000000 0.8904218 -0.1233909 0 -1.0000000 0.0000000
0.0000000 0.9155782 0.0287322 0 -1.0000000 0.0000000
11.9587068 0.8495645 0.0100088 0 -1.0000000 0.0000000
12.5513099 0.8476545 -0.0262394 0 -1.0000000 0.0000000
0.0000000 0.8049945 0.0099505 0 -1.0000000 0.0000000
0.0000000 0.8181518 -0.0709071 0 -1.0000000 0.0000000
0.0000000 0.8611300 0.0558122 0 -1.0000000 0.0000000
12.5020391 0.8347473 -0.0483290 0 -1.0000000 0.0000000
0.0000000 0.8339409 0.0535889 0 -1.0000000 0.0000000
0.0000000 0.8713545 -0.0305575 0 -1.0000000 0.0000000
0.0000000 0.8120391 0.0156995 0 -1.0000000 0.0000000
0.0000000 0.8636118 0.1230718 0 -1.0000000 0.0000000
0.0000000 0.9087064 -0.0699244 0 -1.0000000 0.0000000
0.0000000 0.8212064 -0.0760293 0 -1.0000000 0.0000000
0.0000000 0.8202891 0.0500636 0 -1.0000000 0.0000000
0.0000000 0.8924891 0.0229805 0 -1.0000000 0.0000000
0.0000000 0.8939482 -0.0307355 0 -1.0000000 0.0000000
12.6119343 0.9142482 0.0776035 0 -1.0000000 0.0000000
0.0000000 0.8752073 -0.0983973 0 -1.0000000 0.0000000
0.0000000 0.8059182 -0.0270841 1 -1.0000000 0.0000000
0.0000000 0.8406527 0.0406886 0 -1.0000000 0.0000000
0.0000000 0.8655545 0.0180148 0 -1.0000000 0.0000000
10.7102982 0.8708673 -0.0193179 0 11.0772056 0.0000000
10.2583258 0.8347482 0.0006574 0 11.5134333 0.0000000
9.1597836 0.8681445 0.0219316 0 12.5282000 0.0000000
10.6149902 0.8720927 0.0072932 0 13.9219800 0.0000000
12.1337546 0.8932445 0.0283435 0 14.8977843 0.0000000
12.6164490 0.8637345 -0.0281386 0 9.9774273 0.0000000
12.4341281 0.8559745 -0.0532145 0 0.1482112 0.0000000
12.8341718 0.8496836 0.0300701 0 0.1102804 0.0000000
12.9406185 0.8380618 -0.0313227 0 0.2495653 0.0000000
12.3495711 0.8190955 -0.0079683 0 0.3199621 0.0000000
11.7676530 0.8057300 -0.0425511 0 0.7097896 0.0000000
11.6082266 0.7568291 0.0088659 0 0.3798030 0.0000000
12.2109856 0.7869582 0.0021386 0 0.6224025 0.0000000
12.5656299 0.7809464 0.0154780 0 0.2064920 0.0000000
12.9208810 0.8269809 0.0498205 0 0.1238807 0.0000000
12.8377885 0.8816355 0.0810143 0 0.1350149 0.0000000
12.0965758 0.8926491 -0.0229928 0 0.2469158 0.0000000
13.1353487 0.8658145 -0.0530481 0 0.1401329 0.0000000
13.3643726 0.8595364 -0.0285751 0 0.1267412 0.0051282
13.0573149 0.8458136 0.0846427 0 0.2116111 0.0000000
12.4011582 0.9015991 0.0147409 0 0.2667003 0.0000000
12.1337546 0.8955182 -0.0277443 0 0.6107344 0.0000000
12.6776032 0.8546736 -0.0527857 0 0.3456241 0.0129870
12.3495711 0.8023336 -0.0687176 0 0.3723240 0.0000000
12.6902349 0.7596591 -0.0018505 0 0.1403117 0.0000000
12.5220397 0.7725882 -0.0064373 1 0.1877278 0.0000000
11.7355649 0.8129909 0.0983427 0 0.4276687 0.0000000
11.9759485 0.7866282 -0.1042482 0 0.0000000 0.0000000
0.0000000 0.7569464 -0.0131110 0 -1.0000000 0.0000000
9.8528782 0.7179918 -0.0390295 0 2.1469525 0.0000000
10.1041810 0.7038027 -0.0018751 0 3.2149720 0.0000000
10.3492945 0.7359782 0.0538924 0 3.8051700 0.0000000
9.7787743 0.7802882 0.0389110 0 0.6584180 0.0000000
10.3918528 0.8106155 0.0462378 0 1.4311900 0.0000000
10.8247061 0.8503482 0.0535412 0 2.3983350 0.0000000
10.2583258 0.8208682 -0.0696751 0 2.3818100 0.0000000
9.6987363 0.7871700 -0.1092718 0 3.2305883 0.0000000
10.3918528 0.8048482 0.1441545 0 3.8973829 0.0000000
10.4326736 0.8470855 -0.0181160 0 4.4589767 0.0000000
0.0000000 0.8091173 -0.0298306 0 -1.0000000 0.0000000
0.0000000 0.8249291 0.0376260 0 -1.0000000 0.0000000
0.0000000 0.8526218 0.0264128 0 -1.0000000 0.0000000
0.0000000 0.8786818 -0.0241253 0 -1.0000000 0.0000000
0.0000000 0.7941755 -0.0454324 0 -1.0000000 0.0000000
0.0000000 0.7893600 0.0658275 0 -1.0000000 0.0000000
12.6733570 0.8744036 -0.0108427 0 6.0870271 0.0000000
9.1597836 0.8462764 -0.0215762 0 6.3069800 0.0000000
10.1041810 0.8533164 0.0085926 0 -1.0000000 0.0000000
9.0056505 0.8851509 0.0137958 0 -1.0000000 0.0000000
9.0056505 0.8565800 0.0712184 0 -1.0000000 0.0000000
9.9864031 0.9084982 -0.0648246 0 -1.0000000 0.0000000
10.5459991 0.8364582 -0.0615187 0 -1.0000000 0.0000000
10.1041810 0.8167845 -0.0228335 1 0.2325920 0.0000000
9.7787743 0.7818418 0.0105060 0 1.3391087 0.0000000
9.1597836 0.8037909 0.0904136 0 1.9733350 0.0000000
7.9072836 0.8825209 -0.0077247 0 3.6988000 0.0000000
8.8233535 0.8526355 -0.0378980 0 4.3606200 0.0000000
10.5810895 0.8426891 -0.0529466 0 5.0298560 0.0000000
10.3918528 0.8567973 0.1191736 0 5.6930309 0.0000000
10.4326736 0.8762873 -0.0319807 0 5.0033057 0.0000000
10.8247061 0.8895973 0.0082972 0 2.6224912 0.0000000
10.9026662 0.8566527 -0.0418801 0 1.1100530 0.0000000
11.1258060 0.8110764 -0.0701278 0 0.9786423 0.0000000
10.7102982 0.7611009 0.0056831 0 0.9600897 0.0000000
10.6149902 0.7658691 -0.0166237 0 0.1408095 0.0000000
10.6795272 0.7601145 0.0076883 0 0.2977305 0.0000000
10.9514555 0.7912000 0.0615196 0 0.2327415 0.0000000
11.2027660 0.8241809 0.0110962 0 0.1755160 0.0000000
10.9026662 0.8314845 -0.0017694 0 0.1980562 0.0000000
11.7246359 0.8413418 0.0059745 0 0.1783222 0.0000000
11.5178434 0.8081891 -0.0561183 0 0.2428321 0.0000000
11.5575833 0.7767409 -0.0341358 0 0.2170996 0.0000000
10.7401505 0.7555982 0.0027948 0 0.4350203 0.0000000
10.4718932 0.7598464 0.0047994 0 0.7006634 0.0000000
10.4718932 0.7809255 0.0573567 0 0.7251300 0.0000000
10.3918528 0.7701500 -0.0384771 0 0.9819996 0.0000000
10.7102982 0.7699845 -0.0021405 1 0.7409703 0.0000000
9.7787743 0.8080845 0.0449429 0 1.3505457 0.0000000
11.7463757 0.8422118 0.0260274 0 0.3386504 0.0000000
11.0204472 0.8626691 0.0362385 0 0.3652094 0.0000000
11.1650262 0.8036818 -0.1209218 0 0.3574530 0.0000000
11.3081251 0.7998009 0.1227509 0 0.7691847 0.0000000
10.8513738 0.8983673 -0.0114440 0 0.7931160 0.0000000
10.6477793 0.8484373 -0.0578073 0 1.2722425 0.0000000
10.9749855 0.8205245 0.0117567 0 0.9771391 0.0000000
10.5810895 0.8475964 0.0842644 0 1.1639475 0.0000000
10.8513738 0.8568664 -0.1125073 0 0.7143051 0.0000000
10.8247061 0.7962682 -0.0353745 0 0.4589334 0.0000000
10.7401505 0.8235973 0.1077809 0 0.1560168 0.0000000
10.9749855 0.8596518 -0.0579874 0 0.1365560 0.0000000
11.3409146 0.7952318 -0.0346807 0 -1.0000000 0.0000000
11.0639316 0.7591736 -0.0329160 0 0.4058445 0.0000000
11.3246542 0.7335555 -0.0249728 0 0.3934480 0.0000000
11.4184719 0.7204473 -0.0264751 0 0.3377019 0.0000000
10.3918528 0.7156436 -0.0025315 0 0.7946517 0.0000000
10.5096324 0.7481400 0.1017191 0 0.8569486 0.0000000
10.6477793 0.8188073 0.0460445 0 0.5793130 0.0000000
10.5810895 0.7993100 -0.0779626 0 0.7028433 0.0000000
11.3881669 0.7558973 -0.0160455 0 0.3555207 0.0000000
11.1056036 0.7387991 -0.0009794 0 0.4181613 0.0000000
10.9514555 0.7722518 0.0563928 0 -1.0000000 0.0000000
11.2027660 0.8068518 0.0113199 0 0.1797880 0.0000000
10.8513738 0.7896973 -0.0121743 0 0.2402917 0.0000000
10.8773488 0.7664427 -0.0519862 1 0.4490580 0.0444444
10.7102982 0.7726609 0.0450967 0 0.9189340 0.0000000
9.8528782 0.7983818 -0.0110825 0 0.7763093 0.0000000
9.0056505 0.7890445 -0.0003318 0 1.8167550 0.0000000
8.8233535 0.7639255 -0.0477406 0 2.3979267 0.0000000
8.3126260 0.7524500 0.0144775 0 3.4190500 0.0000000
9.2933019 0.7618645 0.0299155 0 3.1351550 0.0000000
8.6002467 0.7923218 0.0558488 0 2.6960900 0.0000000
8.6002467 0.7828264 -0.0138177 0 3.4274450 0.0000000
9.4110747 0.8039018 -0.0164361 0 2.9463567 0.0000000
9.0056505 0.8793127 0.1322873 0 2.6830450 0.0000000
9.1597836 0.8732964 -0.1241036 0 2.5006800 0.0000000
8.3126260 0.8459364 0.0516145 0 1.0538803 0.0000000
8.8233535 0.8349991 -0.0852375 0 1.2687967 0.0000000
10.3918528 0.7634955 -0.0396556 0 1.1725300 0.0000000
9.9864031 0.7500627 0.0381477 0 1.2383000 0.4411760
7.9072836 0.7995273 0.0616075 0 -1.0000000 1.0000000
8.6002467 0.8689436 0.0663553 0 3.0251925 1.0000000
9.0056505 0.8674818 -0.0043666 0 4.0306600 1.0000000
10.2583258 0.8963836 0.0261814 0 5.7888300 1.0000000
7.2145044 0.8854509 -0.0757706 0 5.4522100 1.0000000
8.8233535 0.8069418 -0.0485557 0 6.7612600 1.0000000
9.4110747 0.8064091 0.0339327 0 7.0475957 1.0000000
7.2145044 0.8256082 -0.0377640 1 0.0000000 0.0000000
0.0000000 0.8000236 -0.0216960 0 0.0000000 0.0000000
0.0000000 0.8218582 0.0428475 111 0.0000000 0.0000000
0.0000000 0.8816582 0.0790950 0 0.0000000 0.0000000
0.0000000 0.8338782 -0.1320400 0 0.0000000 0.0000000
0.0000000 0.7640891 -0.0136819 0 0.0000000 0.0000000
0.0000000 0.8079518 0.0820223 0 0.0000000 0.0000000
0.0000000 0.8537582 0.0250262 0 0.0000000 0.0000000
0.0000000 0.8636845 0.0190696 0 0.0000000 0.0000000
0.0000000 0.8958282 0.0113779 0 0.0000000 0.0000000
0.0000000 0.8854791 -0.0200843 0 0.0000000 0.0000000
0.0000000 0.8019409 -0.1467227 0 0.0000000 0.0000000
0.0000000 0.7146409 -0.0113136 31 0.0000000 0.0000000
0.0000000 0.7544536 0.0727415 0 -1.0000000 0.0000000
9.6117305 0.7663027 -0.0657495 0 0.0000000 0.5000000
0.0000000 0.7152318 -0.0034258 3 0.0000000 0.0000000
0.0000000 0.7450718 -0.0060512 0 -1.0000000 0.0000000
10.2095374 0.7165536 -0.0095810 0 0.1846970 0.0000000
9.5164270 0.7528418 0.0806655 0 0.2585534 0.0000000
8.3126260 0.7972736 0.0433025 0 1.4087733 0.0000000
9.4110747 0.7444991 -0.1532191 0 1.9558043 0.0000000
9.9218676 0.6764355 0.0382106 0 0.0000000 0.0000000
0.0000000 0.7167264 0.1160664 0 0.0000000 0.0000000
0.0000000 0.8046364 -0.0968218 0 -1.0000000 0.0000000
9.9864031 0.7385255 0.0442353 0 2.0605255 0.0000000
8.3126260 0.7933509 -0.0169733 0 0.3930270 0.0000000
8.3126260 0.7428427 0.0032666 0 1.6720500 0.0000000
8.3126260 0.7366309 -0.0476525 0 0.0000000 0.0000000
0.0000000 0.6994164 -0.0255081 0 -1.0000000 0.0000000
7.2145044 0.6768645 -0.0128134 0 0.0000000 0.0000000
0.0000000 0.6687182 0.0013230 0 -1.0000000 0.0000000
8.6002467 0.6828327 -0.0076716 0 0.0000000 0.0000000
0.0000000 0.7056055 0.0628428 0 0.0000000 0.0000000
0.0000000 0.6881045 -0.0648140 0 -1.0000000 0.0000000
7.2145044 0.7072027 0.0514001 0 0.0000000 0.0000000
0.0000000 0.7232327 -0.0114693 0 -1.0000000 0.0000000
8.3126260 0.7321564 0.0473212 0 10.6772667 0.0000000
9.2933019 0.7642436 0.0347770 0 11.2770625 0.0000000
7.2145044 0.7988318 0.0065521 0 11.4353000 0.0000000
8.8233535 0.7961445 -0.0253806 0 10.7045020 0.0000000
9.4110747 0.7809936 -0.0159931 0 3.5613729 0.0000000
8.8233535 0.8250727 0.0947464 0 0.8001525 0.0000000
9.4110747 0.7927891 -0.1067164 0 1.0167200 0.0000000
10.1582460 0.7777764 0.0454984 0 0.0000000 0.0000000
0.0000000 0.7718245 -0.0438950 0 -1.0000000 0.0000000
8.6002467 0.7753900 0.0203396 1 0.0000000 0.0000000
0.0000000 0.8151727 0.0480433 0 0.0000000 0.0000000
0.0000000 0.7578973 -0.1053127 0 -1.0000000 0.0000000
9.7787743 0.7268864 0.0260361 0 3.7324052 0.0000000
8.8233535 0.7163582 -0.0260531 0 0.8263980 0.0000000
9.8528782 0.7007673 0.0122434 0 -1.0000000 0.0000000
9.6117305 0.7404191 0.0626656 0 1.0540400 0.0000000
9.1597836 0.7693073 -0.0558424 0 0.4500200 0.0000000
10.1041810 0.7091964 -0.0141573 0 0.8797365 0.0000000
9.5164270 0.7563900 0.0594382 0 0.7718480 0.0000000
9.4110747 0.8120136 0.0737873 0 1.0507383 0.0000000
9.6117305 0.8512482 -0.0640733 0 1.6573389 0.0000000
10.1582460 0.7998900 -0.0049668 0 1.4265326 0.0000000
10.4718932 0.8139336 0.0110301 0 0.2375337 0.0000000
10.2583258 0.7530391 -0.0739252 0 0.2131257 0.0000000
10.9273583 0.7035736 0.0307205 0 0.2048590 0.0000000
10.2583258 0.7574155 0.0305077 0 0.4904257 0.0000000
10.4326736 0.7492518 -0.0000108 0 0.3243825 0.0000000
10.9273583 0.7078055 -0.1171891 0 0.2438226 0.0000000
11.2027660 0.6613764 0.0352462 0 0.1242170 0.0000000
10.1041810 0.7377700 0.0708873 0 0.7063485 0.0000000
10.7401505 0.8257545 0.0758305 0 0.5141930 0.0000000
11.1456084 0.8673409 0.0174000 0 0.1478822 0.0000000
11.6326178 0.8660927 -0.0273330 0 0.1394304 0.0000000
12.1116136 0.8044736 -0.0182723 0 0.1556066 0.0000000
12.6690926 0.8385209 0.0604512 1 0.1402697 0.0123457
11.6082266 0.8175664 -0.1316745 0 0.1950757 0.0000000
12.6343066 0.7322936 -0.0419865 0 0.2172684 0.0000000
10.9273583 0.8212645 0.1496936 0 0.6088514 0.0000000
10.4718932 0.8152036 -0.0044305 0 1.2437189 0.0000000
11.7024130 0.7872136 -0.1185591 0 0.7870721 0.0000000
11.4184719 0.7548364 0.0054568 0 0.6656643 0.0000000
11.6911135 0.6958873 -0.0619285 0 0.4456101 0.0000000
10.7973077 0.6779227 0.0313198 0 0.9422301 0.0000000
10.1582460 0.7042182 -0.0030114 0 1.6973450 0.0000000
10.1582460 0.7220064 0.0094133 0 1.0710900 0.0000000
11.0849847 0.7227318 0.0155365 0 0.6271189 0.0000000
11.6911135 0.7147155 -0.0148296 0 0.1308984 0.0000000
11.9411626 0.7341936 0.0282368 0 0.2621986 0.0000000
12.2700188 0.7361482 -0.0089168 0 0.1219674 0.0000000
11.6911135 0.7571373 0.0592775 0 0.2571717 0.0000000
12.7272000 0.8255618 0.0775598 0 0.1681759 0.0000000
13.1696076 0.8740018 -0.0711474 0 0.0835643 0.0000000
13.5989639 0.7854127 0.0142295 0 0.0800729 0.0000000
12.9438705 0.8291373 -0.0060812 0 0.2157497 0.0052910
12.5120894 0.7608927 -0.0805084 0 0.5652660 0.0000000
13.1299724 0.6891209 -0.0443375 0 0.1544228 0.0000000
12.5561061 0.6695882 0.0303541 0 0.3457072 0.0000000
10.5810895 0.7019264 0.0230359 0 1.4207967 0.0588235
11.7987433 0.7336364 -0.0145220 0 1.3111568 0.0000000
12.7109396 0.7114255 -0.0176672 0 0.5591090 0.0000000
13.1824778 0.7101118 0.0213234 0 0.2178902 0.0000000
13.1721949 0.7056173 -0.0261984 0 0.1446347 0.0000000
11.6326178 0.7081418 0.0296298 0 0.1866984 0.0000000
11.7884869 0.7157245 -0.0200590 0 0.8319007 0.0000000
13.0338534 0.6967245 -0.0009837 0 0.1759794 0.0000000
12.2700188 0.7293127 0.0424679 1 0.3038481 0.0000000
12.1973800 0.7634100 0.0573366 0 0.4298211 0.0000000
10.8247061 0.7252100 -0.0968155 0 0.5412207 0.0000000
8.8233535 0.7290055 0.0340045 0 1.8575500 0.0000000
9.5164270 0.7203682 -0.0530280 0 2.7035500 0.0000000
11.5312662 0.6783964 -0.0171018 0 2.5718822 0.0000000
11.9233051 0.7351682 0.1081500 1 0.5358434 0.0000000
9.5164270 0.7958582 0.0530405 0 1.1309566 0.0000000
12.7231596 0.7769718 -0.1217318 0 0.2501121 0.0080000
11.3081251 0.7340255 0.0482763 0 0.6069775 0.0000000
11.0849847 0.7863755 0.0201572 0 1.6009792 0.0000000
10.3048442 0.7751909 -0.0353314 0 1.2178822 0.0000000
11.5445113 0.7651227 0.0567685 0 1.3479262 0.0000000
11.9142554 0.8403927 0.0906513 0 0.3890206 0.0000000
11.3246542 0.9417082 0.0891317 0 0.9898535 0.0000000
11.7135862 0.9049745 -0.0627468 0 0.4590889 0.0000000
12.4764623 0.8938618 -0.0330324 0 0.2020745 0.0000000
12.2571982 0.8804545 0.0066724 1 0.2788891 0.0000000
12.5416481 0.9007200 0.0079294 0 0.1058177 0.0100000
12.1410273 0.8139591 -0.0975691 0 0.3167151 0.0000000
13.2937032 0.8288100 0.1209945 0 0.0804244 0.0000000
13.4422808 0.8969709 -0.0355093 0 0.1026878 0.0000000
13.4733512 0.8380964 -0.0827661 0 0.0868635 0.0000000
13.7120516 0.7872564 -0.0098072 0 0.0885501 0.0000000
13.2705540 0.7791373 -0.0097286 0 0.2295796 0.0000000
13.5611588 0.7736309 0.0159003 0 0.1303162 0.0000000
14.0920955 0.8101809 0.0223566 0 0.0724187 0.0019802
14.1984853 0.8030855 -0.0600989 0 0.1119333 0.0018315
14.1769590 0.7735227 0.0158259 0 0.1102622 0.0018018
14.3244650 0.7617236 -0.0182701 0 0.0930597 0.0030628
14.2785280 0.7627318 0.0069926 0 0.1330129 0.0016529
13.7562413 0.7982136 0.0198715 0 0.2479467 0.0000000
13.1245669 0.7766291 -0.0268851 0 0.4183385 0.0000000
13.4733512 0.7928582 0.0277305 0 0.1460183 0.0038462
14.3179130 0.7627382 -0.0398659 0 0.1205035 0.0030257
13.4885317 0.7397773 0.0104435 0 0.2996351 0.0038023
12.9852117 0.7420936 -0.0301370 1 0.4548635 0.0068493
12.4067292 0.7295518 -0.0015781 0 0.4072992 0.1402710
14.3510473 0.7263745 -0.0104776 0 0.1138781 0.0000000
13.9695381 0.7099973 0.0079431 0 0.1536061 0.0000000
13.5989639 0.7479991 0.0388300 0 0.2704083 0.0000000
13.4040852 0.7539500 -0.0289523 0 0.4057058 0.0000000
14.2294814 0.7462682 0.0098817 0 0.1298796 0.0026954
13.8614576 0.7394736 0.0141888 0 0.1079091 0.0000000
14.1750651 0.7363200 -0.0273314 0 0.1000351 0.0020000
14.0702311 0.7352182 -0.0114205 0 0.1759298 0.0025316
13.8819975 0.7347300 0.0127708 0 0.2077272 0.0000000
14.1114740 0.7381118 0.0220496 0 0.1169668 0.0000000
13.4695198 0.7517445 0.0167787 0 0.3693193 0.0024814
13.7832508 0.7679264 0.0062083 0 0.3021226 0.0000000
13.9578284 0.8082609 0.0441075 0 0.1775060 0.0000000
14.2630238 0.8383227 0.0340986 0 0.1010237 0.0000000
14.2543053 0.8471673 0.0000112 0 0.1281058 0.0034247
14.2604162 0.8616664 0.0258575 1 0.1340218 0.0000000
13.4403064 0.9014036 -0.0279362 0 0.2110207 0.0000000
13.6272285 0.8333118 -0.0853225 0 0.3298845 0.0000000
14.2776729 0.8582564 0.1449509 0 0.0951799 0.0000000
14.1891829 0.8872055 -0.0690398 0 0.1373769 0.0000000
14.2321708 0.8239255 -0.0388799 0 0.1415639 0.0000000
14.5435185 0.7850209 -0.0086899 0 0.1085035 0.0017483
14.1413269 0.8102436 0.0777962 0 0.1719189 0.0000000
14.2258843 0.8439955 -0.0464243 0 0.1879650 0.0014184
14.4889411 0.8289018 0.0224159 0 0.0971055 0.0000000
13.9169573 0.8412936 0.0009756 0 0.2049596 0.0027855
13.8325083 0.8661536 0.0457664 0 0.3599009 0.0022727
13.7971785 0.9192973 0.0259611 0 0.1812265 0.0000000
13.6984047 0.8774127 -0.0904179 0 0.1760604 0.0000000
14.4665312 0.8214691 0.0110218 0 0.0967346 0.0000000
13.8418107 0.8655991 0.0438230 1 0.3254532 0.0000000
12.4448809 0.8894391 -0.0082986 0 0.3600591 0.0000000
12.5367819 0.8663164 -0.0324675 0 1.2291981 0.0000000
12.5797478 0.8146591 -0.0629005 0 0.8460716 0.0000000
12.5170769 0.7760791 -0.0017119 0 1.2064533 0.0000000
11.6911135 0.8001373 0.0198326 0 1.0608739 0.0000000
13.4618126 0.8166736 0.0308133 0 0.5777323 0.0000000
13.3622382 0.8199218 -0.0037202 0 0.0853707 0.0126582
12.9914229 0.8017473 -0.0083738 0 0.1619906 0.0000000
13.6106992 0.8043136 -0.0210493 0 0.0891803 0.0000000
13.8378345 0.7986464 0.0204810 0 0.0890876 0.0000000
11.7570709 0.8243691 0.0331024 0 1.0812671 0.0000000
11.1258060 0.8652682 0.0161370 1 1.3823306 0.0000000
10.1041810 0.8554718 -0.0264822 0 1.7395000 0.0000000
7.2145044 0.8063382 -0.0398391 0 2.8895000 0.0000000
7.2145044 0.8073836 -0.0455091 0 0.0000000 0.0000000
0.0000000 0.7561118 -0.0100491 0 -1.0000000 0.0000000
9.6117305 0.7461827 0.0281574 0 5.8108220 0.0000000
10.0470250 0.7747527 -0.0227382 0 6.3311900 0.0000000
11.3409146 0.8181882 0.0859378 0 7.5141886 0.0000000
12.0259587 0.8315827 -0.0380553 0 2.4188338 0.0036900
13.5016282 0.8128636 0.0392911 0 0.2611204 0.0000000
13.9554699 0.8471900 0.0250628 0 0.1201832 0.0000000
14.0628354 0.9086264 0.0667101 0 0.1077190 0.0000000
13.3728653 0.9227264 -0.0238384 0 0.1019216 0.0000000
12.8413921 0.8627000 -0.0862032 0 0.8154512 0.0092593
12.5318919 0.7611373 -0.0414596 0 0.5912500 0.0000000
10.8513738 0.7807855 -0.0216580 0 1.1010100 0.0000000
0.0000000 0.7550518 -0.0227487 0 -1.0000000 0.0000000
12.4122694 0.7535764 0.0329280 0 2.3638733 0.0000000
11.6681242 0.7576082 0.0164248 0 1.9691540 0.0000000
11.8485044 0.7920809 0.0202176 0 1.7135115 0.0000000
11.8189459 0.8002691 -0.0123630 0 1.6278691 0.0000000
13.0158889 0.7645527 -0.0064300 0 0.3230731 0.0000000
12.8939434 0.7910409 0.0088630 0 0.0864638 0.0000000
13.5053388 0.7721618 -0.0288696 0 0.0769218 0.0000000
13.1164037 0.7890127 0.0238501 1 0.3853856 0.0000000
12.1190485 0.7948136 -0.0005217 0 0.5791298 0.0000000
12.9471120 0.7898591 -0.0039557 0 0.4291592 0.0000000
13.3600991 0.7682091 -0.0240912 0 0.2425391 0.0000000
13.7634201 0.7980236 0.0840032 0 0.0903207 0.0000000
13.7358622 0.8132000 -0.0263465 0 0.1265281 0.0000000
13.9648706 0.8273927 -0.0376669 0 0.0872429 0.0000000
14.0205985 0.8034418 0.0624579 0 0.0887215 0.0021322
14.3976396 0.8528500 0.0060549 0 0.0721818 0.0014451
14.0294091 0.8492109 -0.0100887 0 0.1544399 0.0000000
13.2728932 0.8593382 0.0394875 0 0.3862224 0.0070175
14.2810888 0.8673500 0.0047167 0 0.2026610 0.0018349
14.3968806 0.8636627 -0.0089870 0 0.0943505 0.0028329
14.5915277 0.8218745 -0.0070543 0 0.1011789 0.0000000
14.3342133 0.8416955 -0.0276498 0 0.1719925 0.0000000
13.5182185 0.8274145 -0.0336762 0 0.4358352 0.0000000
13.6073603 0.8128764 0.0204117 0 0.3030419 0.0000000
13.3095945 0.8856073 0.0948564 0 0.6450776 0.0000000
13.4020339 0.8553891 -0.0858930 0 0.2129836 0.0000000
13.7619885 0.8501273 0.0486630 0 0.1494459 0.0000000
12.8592178 0.8523300 -0.0087837 0 0.3657617 0.0000000
13.6907418 0.8354509 -0.0361582 0 0.2198706 0.0000000
13.9279397 0.8454591 0.0129128 0 0.1365794 0.0044643
13.4243699 0.8515773 0.0155357 0 0.2962229 0.0000000
13.3493348 0.8719336 0.0234538 1 0.2935479 0.0000000
13.5681396 0.8828500 -0.0366003 0 0.2251595 0.0000000
13.6938140 0.8251845 -0.0227089 0 0.1586968 0.0000000
13.7446470 0.8162936 -0.0287687 0 0.1491116 0.0000000
13.7733846 0.7837764 -0.0053819 0 0.1426305 0.0000000
14.0139392 0.7835882 -0.0138260 0 0.1349478 0.0000000
14.1530230 0.7736518 -0.0149181 0 0.1198798 0.0000000
14.1294925 0.8006636 0.0579487 0 0.1508297 0.0036298
14.2366371 0.7903573 -0.0549370 0 0.1355087 0.0000000
14.3884932 0.7931009 0.0451396 0 0.0950009 0.0000000
13.9845586 0.8164264 0.0083115 0 0.1555220 0.0019960
13.8870672 0.8362509 0.0247334 0 0.1659094 0.0023042
14.3211944 0.9016409 0.0389566 0 0.1508075 0.0000000
14.2682186 0.8880464 -0.0790729 0 0.1414351 0.0000000
14.6632667 0.8339345 0.0932773 0 0.1023241 0.0000000
14.3923144 0.8831473 -0.0150138 0 0.2214413 0.0000000
14.4868614 0.8506636 -0.0648403 0 0.2001810 0.0015552
13.8109150 0.8247400 0.0225390 0 0.1877918 0.0000000
13.9132696 0.8582100 0.0023902 0 0.1963172 0.0000000
13.4303759 0.8551500 -0.0011640 0 0.5582228 0.0000000
14.2768171 0.8659327 0.0069972 0 0.1514411 0.0017212
14.6545024 0.8085627 -0.0834041 0 0.0741346 0.0011628
14.6799963 0.8526745 0.1584945 0 0.1181578 0.0021834
13.9845586 0.8903300 -0.0536501 0 0.2317909 0.0018518
14.4089562 0.8237600 -0.0592316 0 0.2253027 0.0000000
14.1645838 0.8194427 -0.0078088 1 0.1761631 0.0019011
13.1721949 0.7894382 -0.0340474 0 0.4036116 0.0048077
14.3730608 0.7730800 0.0094861 0 0.1090687 0.0014306
14.2516749 0.7501245 -0.0332179 0 0.1589360 0.0000000
14.3907876 0.7230909 -0.0452636 0 0.1561252 0.0000000
13.7576812 0.7154764 0.0076977 0 0.2038935 0.0000000
13.5345379 0.6983764 -0.0182245 0 0.2312588 0.0000000
12.9945141 0.6923155 0.0105661 0 0.5115344 0.0000000
12.2700188 0.7162555 0.0115740 0 0.5610284 0.0000000
12.5220397 0.7432145 0.0635365 0 0.9727024 0.0000000
13.0158889 0.7596545 0.0171056 0 0.4244082 0.0000000
13.3185632 0.7637836 -0.0082777 0 0.1069177 0.0042918
13.5558910 0.7839445 0.0164439 0 0.0944865 0.0032154
14.1255163 0.7720591 -0.0122405 0 0.0706094 0.0000000
14.2507966 0.7934845 -0.0056670 0 0.1270063 0.0000000
14.3195550 0.7800155 0.0034810 0 0.1139573 0.0030817
14.6235107 0.8089009 -0.0013642 0 0.0829924 0.0012579
14.5088252 0.8150164 0.0434033 0 0.1041178 0.0000000
14.7247465 0.8141064 -0.0332355 0 0.0866643 0.0011508
14.7323759 0.8122518 -0.0088943 0 0.0909419 0.0000000
14.6259291 0.7944345 0.0036665 0 0.1360155 0.0011601
14.4658228 0.7681782 -0.0350005 0 0.1396339 0.0025907
14.5751442 0.7435727 -0.0106939 0 0.1126363 0.0011416
14.2525525 0.7425382 0.0211125 0 0.1253145 0.0019417
14.0660117 0.7527373 0.0038965 0 0.2320081 0.0000000
13.0970927 0.7872164 0.0206087 1 0.4370998 0.0000000
12.4607963 0.7819027 -0.0364280 0 1.0776347 0.0000000
13.3449964 0.8065536 0.0885228 0 0.4234084 0.0000000
13.0745566 0.8139591 -0.0520240 0 0.5817747 0.0000000
13.8807260 0.7597373 -0.0458885 0 0.2005234 0.0000000
14.1432858 0.7650745 0.0645234 0 0.0839718 0.0000000
13.9578284 0.7891100 -0.0070696 0 0.1574971 0.0000000
14.2929533 0.8052309 -0.0214130 0 0.1009331 0.0034904
14.2937954 0.8197836 0.0247846 0 0.1099669 0.0015748
14.4615614 0.7995091 -0.0152305 0 0.0960505 0.0000000
13.7060093 0.7907600 -0.0101490 0 0.2822330 0.0028249
13.7846523 0.7849891 0.0122312 0 0.2648272 0.0000000
13.7105444 0.7645282 -0.0847056 0 0.2553790 0.0000000
14.1835597 0.7196891 0.0355699 0 0.0953176 0.0000000
14.0250135 0.7624891 0.0235044 0 0.1586837 0.0000000
13.0456529 0.7783018 0.0232421 0 0.2388331 0.0000000
13.9471711 0.8271145 0.0444135 0 0.1866872 0.0000000
14.1863752 0.8383055 -0.0404752 0 0.0892569 0.0000000
14.3861935 0.8041464 0.0294391 0 0.1138841 0.0000000
14.4297439 0.7868209 -0.0546148 0 0.0855333 0.0014104
14.3005069 0.7572109 0.0056724 0 0.1964283 0.0000000
13.5819568 0.7916491 0.0765985 0 0.3753582 0.0000000
13.3296621 0.8974927 0.0727323 0 0.4797980 0.0000000
14.4021816 0.8246518 -0.1199909 0 0.1456196 0.0015650
14.8270937 0.8981509 0.1300945 0 0.0872642 0.0000000
13.9459799 0.8944064 -0.0639978 0 0.3397702 0.0000000
14.5415493 0.8261291 -0.0371416 0 0.1526448 0.0000000
13.7461037 0.8296018 -0.0042149 1 0.2968088 0.0000000
13.4771680 0.8670664 0.0592610 0 0.5580206 0.0000000
12.3899222 0.8603791 -0.0952855 0 1.2063756 0.0000000
12.1625334 0.8003864 0.0693780 0 0.6635473 0.0000000
11.5832255 0.8602264 0.0304647 0 0.7527548 0.0000000
10.3048442 0.8754927 -0.0499649 0 2.1474533 0.0000000
9.9218676 0.8309227 -0.0210202 0 3.1722900 0.0000000
10.9749855 0.8271173 0.0632682 0 3.6769400 0.0000000
10.1041810 0.8645055 -0.0775520 0 4.7327433 0.0000000
10.2583258 0.8065273 0.0194319 0 5.9225600 0.0000000
10.6149902 0.8536709 0.0663626 0 6.5513438 0.0606061
10.4326736 0.8650845 -0.0648588 0 8.2289500 0.0000000
11.4478855 0.8328609 0.0253983 0 8.8501677 0.0000000
11.4622741 0.8384191 0.0329775 0 9.3771030 0.0000000
12.9726724 0.8600155 -0.0441068 0 7.7460806 0.0000000
10.5459991 0.8981882 0.0526368 0 5.4255860 0.0000000
12.5464907 0.8844109 -0.0463978 0 0.0996054 0.0000000
12.4712675 0.8014482 -0.0364929 0 0.3343158 0.0000000
11.9142554 0.8150309 -0.0057595 0 1.1900555 0.0000000
11.4764586 0.8313073 0.0614925 0 2.1098144 0.0000000
0.0000000 0.8614918 -0.0342452 0 -1.0000000 0.0000000
0.0000000 0.8776036 0.0127455 0 -1.0000000 0.0000000
12.5561061 0.8211100 -0.0500629 0 2.4570100 0.0000000
11.9051229 0.8280518 0.0387255 0 1.1333871 0.0000000
9.6987363 0.8788055 0.0014813 1 1.5707550 0.0000000
8.3126260 0.8697118 -0.0165360 0 2.1838200 0.0000000
11.3246542 0.8323000 0.0289557 0 2.5975182 0.0000000
11.2211149 0.8508955 -0.0542193 0 0.2477492 0.0178571
11.2027660 0.7523036 -0.0633060 1 0.5140099 0.0000000
12.5513099 0.7402073 0.0285131 0 0.5371594 0.0000000
9.9218676 0.7694082 0.0210550 1 1.1996457 0.0000000
11.6564282 0.7847009 -0.0090007 0 0.2675819 0.7083330
9.7787743 0.7625209 -0.0291525 2 0.0000000 1.0000000
0.0000000 0.7850300 0.0535469 0 0.0000000 0.0000000
0.0000000 0.7713573 -0.0536364 1 -1.0000000 0.0000000
9.6117305 0.7496227 0.0216274 0 0.1247777 0.0000000
11.0849847 0.7577982 -0.0045540 1 0.4075010 0.0000000
12.0735864 0.7856782 0.0563486 0 0.2395179 0.0000000
11.1056036 0.8258782 0.0371295 0 0.4775816 0.0000000
10.9514555 0.8899891 0.0161125 0 0.8481990 0.0000000
11.4478855 0.7929045 -0.0536746 0 0.1518981 0.0222222
11.6796849 0.8787545 0.0207114 0 0.3821188 0.0000000
9.9864031 0.8586355 0.0436172 0 0.5233940 0.0000000
11.1456084 0.8326418 -0.1343818 0 1.6426133 0.0000000
10.1582460 0.8104127 0.0873410 0 1.9528000 0.0000000
11.1456084 0.8451045 0.0211061 1 0.6814964 0.0000000
11.2211149 0.8147718 -0.0347574 0 0.6509936 0.0000000
11.8288961 0.7835518 0.0342281 0 0.7570096 0.0062500
12.7897202 0.8420473 -0.0109841 0 0.0793919 0.0000000
12.7935009 0.8164209 -0.0578105 0 0.2889063 0.0000000
12.9820916 0.7589945 -0.0452991 0 0.2378734 0.0000000
13.1109242 0.7233382 0.0049564 0 0.2066710 0.0000000
12.0813084 0.7771000 0.0657049 0 0.2817229 0.0000000
11.2742240 0.8552336 0.0705846 0 2.1477900 0.0000000
0.0000000 0.8077218 -0.0933782 0 -1.0000000 0.0000000
13.5972762 0.8225818 -0.0136985 0 0.0735066 0.0000000
13.6876601 0.7748545 0.0101054 0 0.1995481 0.0000000
13.3340673 0.7657182 -0.0284610 0 0.2032715 0.0037736
13.4363460 0.7443827 0.0133726 0 0.2626663 0.0000000
12.5416481 0.7416209 -0.0518229 0 0.5221808 0.0045455
13.0998744 0.7180027 -0.0529603 0 0.3106274 0.0000000
13.1486645 0.6846073 0.0048798 0 0.4531636 0.0025189
13.8190672 0.6525655 -0.0263656 0 0.1259837 0.0000000
12.0095649 0.6598809 0.0218064 0 1.0268192 0.0000000
11.4478855 0.7001855 0.0635383 1 1.2087359 0.0000000
11.7135862 0.7563245 0.0480255 0 1.2908244 0.0000000
12.9789617 0.7792618 0.0096853 0 0.2325709 0.0000000
12.7859251 0.8056064 0.0296580 0 0.5269864 0.0000000
13.1670136 0.7978773 -0.0518845 0 0.2104288 0.0000000
12.5561061 0.7538627 -0.0196219 0 0.5767521 0.0000000
13.6483160 0.7640755 0.0654859 0 0.1506426 0.0020877
14.1597830 0.8106082 0.0414037 0 0.0793801 0.0000000
14.0194917 0.8336373 -0.0474892 0 0.1108800 0.0037975
14.5597790 0.7722827 -0.0470712 0 0.0789900 0.0000000
14.1947747 0.8458573 0.1489236 0 0.1643080 0.0000000
13.4979038 0.9104318 0.0170849 0 0.4413922 0.0000000
14.1334529 0.8569227 -0.1479618 0 0.2648776 0.0037313
14.3597534 0.7442291 -0.0228893 0 0.0792530 0.0000000
13.7475582 0.6870100 -0.0913000 0 0.4368583 0.0000000
13.1721949 0.7224209 0.0992991 0 0.6891681 0.0000000
12.4712675 0.7472500 -0.0638342 0 0.2167183 0.0000000
11.9928980 0.7107364 0.0361238 0 1.1540976 0.0000000
11.9587068 0.7279055 -0.0004729 1 1.8768695 0.0000000
12.0889713 0.7181145 -0.0149835 0 2.1138931 0.0000000
12.8158898 0.7160391 0.0196870 0 0.4603260 0.0000000
10.4326736 0.7446827 0.0070949 0 0.9102933 0.0000000
11.5958041 0.7334255 -0.0122004 0 0.7381965 0.0000000
12.9340825 0.7334245 0.0271444 0 0.2233352 0.0000000
13.2299273 0.7574927 0.0226422 0 0.1271493 0.0000000
13.3028149 0.7296264 -0.0650591 0 0.1365254 0.0039370
13.3073397 0.7164991 -0.0055789 0 0.1377842 0.0000000
12.9175532 0.7335282 -0.0122574 0 0.2057245 0.0000000
13.7985607 0.7213518 0.0197203 0 0.1176446 0.0000000
13.1326641 0.7919336 0.1476200 0 0.2758934 0.0062500
12.5890501 0.8416436 -0.0964609 0 0.1602862 0.0032787
13.7255147 0.7488100 0.0371795 0 0.1128843 0.0000000
12.6164490 0.8529464 0.0314915 0 0.2498511 0.0000000
11.2027660 0.7890745 -0.0876048 0 1.2588316 0.0076923
12.5890501 0.7397127 -0.0452952 0 0.9659581 0.0000000
12.5750639 0.7512927 0.0784863 1 0.5687073 0.0000000
12.2636290 0.7346564 -0.0939618 0 0.5862476 0.0000000
12.3728278 0.7249709 0.0581845 0 0.7290615 0.0000000
11.5575833 0.7623991 0.0035225 0 0.8451828 0.0000000
11.7987433 0.7122909 -0.0332565 0 1.3057104 0.0000000
12.9663433 0.6967155 -0.0119680 0 0.4874454 0.0000000
13.1696076 0.7179791 0.0269125 0 0.2901213 0.0000000
13.1539415 0.7898700 0.0606589 0 0.1915476 0.0000000
13.0688423 0.8228600 0.0617556 0 0.2956949 0.0000000
13.2821956 0.8421164 -0.0085176 0 0.1718120 0.0000000
13.6984047 0.8034955 -0.0331245 0 0.0908530 0.0026667
13.8190672 0.8388282 0.0481265 0 0.0973962 0.0000000
14.3121446 0.8280300 -0.0553540 0 0.0760222 0.0000000
14.5441740 0.8097700 -0.0026735 0 0.0848323 0.0045455
13.1799169 0.8165827 0.0220732 0 0.4154959 0.0000000
13.6938140 0.8496445 0.0003998 0 0.2681714 0.0000000
14.2810888 0.7460427 -0.1228318 0 0.1598599 0.0014535
14.3252810 0.7377191 0.0280220 0 0.1608827 0.0000000
12.9503430 0.7966045 0.0709156 0 0.5364396 0.0027322
13.8404870 0.7750982 -0.0475422 0 0.3371307 0.0253700
13.9542885 0.7656145 -0.0076880 0 0.1417314 1.0000000
9.5164270 0.7272591 0.0101451 2 0.2698600 1.0000000
0.0000000 0.7868982 0.0472811 0 -1.0000000 0.0000000
0.0000000 0.8275973 -0.0085627 0 -1.0000000 0.0000000
13.0397706 0.8409291 0.0562938 0 0.4988278 0.0000000
13.1824778 0.8645091 0.0056378 0 0.8078128 0.0038760
13.1901211 0.8237755 -0.0279685 0 0.5086828 0.0000000
13.5989639 0.7988409 -0.0454635 0 0.5020297 0.0000000
13.5733435 0.7651109 -0.0344445 0 0.3905754 0.0000000
12.2636290 0.7717818 0.0457495 0 0.9626493 0.0000000
12.7744528 0.7991382 0.0068369 0 0.2235887 0.0000000
13.2564029 0.8128973 0.0140477 0 0.1688416 0.0000000
13.0456529 0.7977536 -0.0222116 0 0.3478642 0.0048077
13.2323633 0.8044564 0.0083691 0 0.1387794 0.0080645
12.5656299 0.8084082 -0.0283895 0 0.2309966 0.0000000
12.4448809 0.7682618 -0.0235279 0 0.6502699 0.0000000
13.4979038 0.7610445 0.0007555 0 0.2665052 0.0000000
13.9412009 0.7409736 0.0040348 0 0.0876689 0.0000000
13.7533553 0.7148936 -0.0881110 0 0.1594529 0.0000000
13.9730244 0.6684400 0.0207244 0 0.1463960 0.0000000
13.5681396 0.6969336 0.0114732 0 0.1446406 0.0000000
10.2583258 0.7237482 0.0485238 0 1.0873900 0.0000000
13.4363460 0.7029173 -0.0891227 0 0.5494444 0.0000000
11.9587068 0.6820891 0.0521447 1 0.5091565 0.3982300
10.7401505 0.7452982 0.0300220 0 0.3632023 0.0082988
12.9340825 0.7560618 0.0093908 0 0.5021569 0.0025445
13.9169573 0.7451527 -0.0121071 0 0.1084143 0.0000000
13.8122783 0.7416073 0.0309870 0 0.2181535 0.0000000
12.8158898 0.7834764 -0.0116942 0 0.4754733 0.0000000
12.8485605 0.7307618 -0.0577374 0 0.4982107 0.0000000
13.3536544 0.7116118 0.0420768 0 0.4790734 0.0000000
12.6073992 0.7449091 -0.0709649 0 0.6057286 0.0000000
11.8959064 0.7045318 0.0922155 0 0.4576760 0.0000000
12.8697627 0.7431864 -0.0803490 0 0.4858860 0.0000000
12.2042059 0.7033018 0.0548848 0 0.3607883 0.0000000
12.5120894 0.7558945 -0.0164296 0 0.1781614 0.0000000
12.4232585 0.7366709 0.0429519 0 0.3592192 0.0000000
11.9759485 0.7544682 -0.0111353 0 0.1340757 0.0000000
12.8010197 0.7320964 -0.0213655 0 0.3298804 0.0000000
12.8121930 0.8013500 0.1089082 0 0.2127050 0.0000000
12.3136392 0.8159118 -0.0855470 0 0.3932782 0.0052632
13.1136677 0.7702564 -0.0322865 0 0.2668049 0.0000000
13.4847581 0.8010773 0.1130145 0 0.1009534 0.0000000
13.3536544 0.8445536 -0.0204189 0 0.1329955 0.0000000
13.8244653 0.8418400 0.0487648 0 0.0878517 0.0000000
13.7944085 0.9157300 0.0074875 0 0.1365234 0.0000000
13.4223598 0.7742109 -0.1271691 0 0.1678457 0.0000000
14.0392291 0.8461018 0.1360127 0 0.1053522 0.0000000
13.6642399 0.8045564 -0.1420918 0 0.2190592 0.0071942
13.3999784 0.7046555 -0.0458801 0 0.2759016 0.4358970
12.8485605 0.6522364 -0.0733527 0 0.4073531 1.0000000
9.8528782 0.6623682 0.0866985 0 0.0000000 1.0000000
0.0000000 0.7087945 0.0602852 2 0.0000000 0.0000000
0.0000000 0.7575073 0.0236074 0 0.0000000 0.0000000
0.0000000 0.8163327 0.0492855 0 0.0000000 0.0000000
0.0000000 0.8841818 -0.0081676 0 0.0000000 0.0000000
0.0000000 0.7633045 -0.1080973 0 -1.0000000 0.0000000
11.6681242 0.7785945 0.0742197 0 0.1019543 0.0000000
11.4332868 0.8629209 0.0532047 0 0.4684122 0.0105263
12.7150295 0.8294745 -0.0117161 0 0.6467759 0.0000000
12.7027091 0.7964064 -0.0704425 0 0.1040839 0.0000000
13.3665026 0.8051991 0.0498824 0 0.1453648 0.0000000
13.0998744 0.7965209 -0.0801325 0 0.1301477 0.0000000
11.9322738 0.7401973 -0.0242873 0 0.3561071 0.0000000
12.2310530 0.6540164 -0.0543978 0 0.7259799 0.0000000
10.7102982 0.6714136 0.0470645 0 0.9292839 0.0312500
11.3409146 0.7483155 0.0755725 0 1.9114980 0.0000000
10.6477793 0.8002727 0.0242133 0 1.1961404 0.0000000
12.4232585 0.8360736 0.0572188 0 0.5102119 0.0000000
12.2889467 0.8616500 0.0110040 0 0.3129172 0.0000000
13.1951844 0.8279264 -0.0927636 0 0.1171951 0.0000000
13.3937865 0.7582664 -0.0668779 0 0.0896300 0.0000000
13.8983810 0.7855300 0.0779123 0 0.0767606 0.0000000
14.1578562 0.8308364 0.0506516 0 0.1142830 0.0000000
14.4930877 0.8020936 -0.0592614 0 0.0844205 0.0009551
14.7501326 0.8699027 0.0872382 1 0.0811642 0.0000000
14.3013426 0.8295809 0.0473191 0 0.1591542 0.0011547
14.7109759 0.8993973 -0.0658683 0 0.2179823 0.0000000
14.9474522 0.8544782 -0.0563070 0 0.1063783 0.0000000
15.2458039 0.7647191 -0.0543127 0 0.0949470 0.0000000
14.8677378 0.8119236 0.0988318 0 0.0927105 0.0020661
14.4714765 0.8188300 -0.0738265 0 0.2490858 0.0000000
13.7105444 0.7440073 -0.0375325 0 0.7433713 0.0000000
14.8442299 0.7556818 0.0498501 0 0.1513752 0.0016779
14.4006699 0.7654027 -0.0532909 0 0.2112224 0.0018939
14.9181298 0.6866727 -0.0383117 0 0.0897345 0.0000000
14.7159552 0.6816327 0.0104081 0 0.1757104 0.0034014
12.7705992 0.7466073 0.0842575 0 0.3725297 0.0025189
13.7619885 0.7491636 -0.0414451 0 0.4016061 0.0000000
13.9753419 0.7495827 0.0102475 0 0.4949885 0.0000000
14.0337855 0.7536900 0.0152176 0 0.3345238 0.0026882
13.9811123 0.7872709 0.0145057 0 0.3388831 0.0000000
14.5584878 0.7746627 0.0179091 0 0.1061297 0.0000000
14.7442487 0.7461336 -0.0888735 0 0.0959248 0.0000000
14.5122139 0.7133818 0.0285864 0 0.1423856 0.0013793
14.2963175 0.7582073 0.0590631 0 0.2188766 0.0000000
13.9471711 0.8057091 0.0064130 0 0.2827457 0.0000000
14.2240808 0.7736555 -0.0824143 0 0.2018546 0.0000000
14.3923144 0.7067864 -0.0318219 0 0.1239567 0.0000000
13.8895925 0.6772973 -0.0215845 0 0.1647685 0.0000000
13.5785203 0.6722055 0.0104291 0 0.2950125 0.0033003
13.6999302 0.6675755 0.0001098 0 0.2802168 0.0000000
13.0189055 0.6763282 -0.0122875 0 0.4457977 0.0000000
13.0128632 0.7058418 0.0975773 0 0.1282990 0.0000000
13.9095681 0.7636009 -0.0227702 0 0.1241732 0.0000000
14.1225238 0.7391109 -0.0436573 0 0.0954013 0.0029498
13.7832508 0.6840555 -0.0101499 0 0.1851216 0.0000000
13.5182185 0.6681409 -0.0497302 0 0.1818964 0.0000000
11.6204965 0.6587564 0.0605434 0 3.0775712 0.0000000
7.2145044 0.7010591 0.0304612 1 1.7892000 0.0000000
11.5445113 0.7391164 -0.0271923 0 1.0930982 0.0000000
13.5733435 0.6717155 -0.0373412 0 0.1314616 0.0030769
13.5938921 0.6963500 0.0871301 0 0.2167464 0.0000000
13.6402580 0.7580809 0.0189953 0 0.3648693 0.0019685
14.0900337 0.7849036 0.0464247 0 0.1914414 0.0014245
14.4930877 0.8458900 0.0894271 0 0.0910536 0.0000000
14.6771318 0.8079609 -0.1858518 0 0.0888149 0.0000000
14.4282733 0.7686255 0.0428425 0 0.0884754 0.0013459
14.3991559 0.8066764 -0.0034607 0 0.1341519 0.0000000
13.8378345 0.7476809 -0.0318671 0 0.3716329 0.0023474
13.9279397 0.7064355 -0.0219287 0 0.3668459 0.0069686
13.6783578 0.7127573 -0.0028426 0 0.1838717 0.0043860
14.1053950 0.6784800 -0.0376274 0 0.1442788 0.0000000
13.6579007 0.6541109 0.0002848 0 0.1858456 0.0000000
12.6605089 0.6851127 0.0606872 0 0.4550311 0.0000000
10.9026662 0.7864845 0.1239455 0 1.0849267 0.0000000
12.2109856 0.9056300 0.0462015 0 1.9750916 0.0000000
10.9514555 0.7786027 -0.2077136 0 1.2529289 0.0019380
14.2357454 0.7515282 0.1380391 0 0.1599952 0.0000000
13.2225833 0.8511073 -0.0469734 0 0.2158601 0.0020492
14.1919827 0.7580564 -0.0486290 0 0.2607187 0.0015083
14.2912670 0.7165509 -0.0153225 0 0.1148246 0.0000000
13.9554699 0.6921564 -0.0459561 0 0.2256558 0.0028571
13.7120516 0.7235055 0.0980973 0 0.3050248 0.0037313
13.3095945 0.7476282 -0.0602032 0 0.3681351 0.0000000
13.8365056 0.6990655 -0.0084146 1 0.3381278 0.0000000
14.0628354 0.7277827 0.0465632 0 0.2922597 0.0000000
13.8933684 0.7698255 -0.0671884 0 0.1486485 0.0000000
14.1324643 0.8350100 0.1635591 0 0.1497358 0.0065898
14.3334045 0.8249109 -0.0128832 0 0.1309678 0.0016949
14.1053950 0.8502418 0.0525466 0 0.1456481 0.0000000
14.6805682 0.8107445 -0.1339473 0 0.1069327 0.0017065
14.2357454 0.7438073 -0.0113391 0 0.1805359 0.0000000
13.8109150 0.7386855 0.0262615 0 0.1675362 0.0023148
14.1731675 0.7136700 -0.0497878 0 0.2505113 0.0029070
13.5381286 0.6620009 -0.0418036 0 0.0975550 0.0000000
13.9021239 0.6882727 0.0505892 0 0.3483086 0.0026738
13.7762134 0.7543427 0.0369937 0 0.2295056 0.0000000
14.1684079 0.8086155 0.1166982 0 0.1219618 0.0000000
14.2543053 0.8886709 -0.0467506 0 0.0833124 0.0000000
14.4006699 0.7640873 -0.0160755 0 0.0867700 0.0011905
14.6313492 0.8471764 0.0655157 0 0.1057040 0.0026738
14.5329713 0.8041182 -0.1575145 0 0.1501273 0.0000000
14.6754091 0.7126818 0.0020044 0 0.0824296 0.0000000
14.0315997 0.7132518 0.0095493 0 0.1790123 0.0000000
13.9033685 0.7132709 -0.0283955 0 0.3513930 0.0000000
13.8743444 0.6615245 -0.0744736 0 0.3379732 0.0000000
13.9230735 0.6909682 0.1132445 0 0.2393266 0.0000000
13.5053388 0.7324864 0.0021831 0 0.1393362 0.0000000
12.8232428 0.7147536 -0.0536820 0 0.3917472 0.0000000
14.0712831 0.7234045 0.0741689 11 0.0944061 0.0661157
13.3362627 0.7177045 -0.1176664 0 0.2040617 0.0000000
12.6119343 0.6580509 0.0203483 0 0.2978595 0.0000000
13.8627538 0.7083864 0.0375095 0 0.1795341 0.0000000
13.7860519 0.7194309 -0.0055352 0 0.2317035 0.0000000
13.3979187 0.6868045 -0.0555399 0 0.4838301 0.0000000
13.2540248 0.6897945 0.0564094 0 0.1260073 0.0000000
14.1413269 0.7025055 0.0220115 0 0.0925967 0.0000000
13.9157296 0.7307491 -0.0120164 0 0.1619829 0.0000000
13.5218681 0.6923436 -0.0307992 0 0.2623861 0.0025510
13.7748000 0.7128527 0.0546907 0 0.0936983 0.0000000
14.1975590 0.7766918 0.0889424 0 0.1214549 0.0000000
14.2150146 0.8675091 0.0388297 0 0.1316578 0.0000000
14.2725271 0.8191018 -0.1726527 0 0.1129903 0.0012903
14.5389178 0.7086745 0.0164570 0 0.0933982 0.0011919
14.5636425 0.7665345 0.1241591 0 0.1074256 0.0000000
13.8231185 0.8325018 0.0449249 0 0.2387176 0.0000000
14.4051982 0.8679291 -0.0944073 0 0.1752982 0.0019194
14.2303787 0.7109936 -0.0544061 0 0.1751252 0.0000000
13.9120373 0.7687400 0.0788075 0 0.1368065 0.0032258
13.5108790 0.8153273 0.0207306 0 0.3065775 0.0000000
13.8231185 0.7812000 -0.0799627 0 0.4355899 0.0048662
13.5870894 0.7618755 0.0545452 0 0.3933023 0.0000000
13.8231185 0.7205045 -0.0634836 0 0.5079376 0.0000000
13.3384533 0.7537536 0.0523525 0 0.7287809 0.0000000
10.6149902 0.7689591 -0.0142703 0 1.4296071 0.0000000
12.4555192 0.8635264 0.1529855 0 0.0899810 1.0000000
13.0279010 0.8666345 -0.2019318 3 0.0000000 0.0000000
0.0000000 0.8449182 0.1551236 0 -1.0000000 0.0030488
13.4163053 0.8042164 -0.1667582 0 0.1136147 0.0000000
13.5053388 0.6918455 -0.0422811 0 0.2249131 0.0000000
12.5464907 0.6460927 -0.0429450 0 0.1967557 0.0000000
9.0056505 0.6656845 0.0315749 0 2.1235733 0.0000000
11.3726629 0.6872991 0.0479657 0 2.6935831 0.0000000
11.8189459 0.7245036 0.0359020 0 2.1186714 0.0000000
10.8773488 0.7655927 0.0339195 0 1.5891400 0.0000000
9.7787743 0.8188136 0.0247893 0 2.6016350 0.0000000
10.7973077 0.8353964 -0.0357975 0 3.5521850 0.0000000
10.9979747 0.7592436 -0.0305264 0 4.1300371 0.0000000
0.0000000 0.7462936 0.0589729 0 -1.0000000 0.0000000
0.0000000 0.7826245 0.0689545 0 -1.0000000 0.0000000
0.0000000 0.8412073 -0.0359605 0 -1.0000000 0.0000000
0.0000000 0.8682518 -0.0109144 1 -1.0000000 0.0000000
12.3136392 0.7554664 -0.1504136 0 4.3210960 0.0000000
12.1410273 0.7372127 0.1108455 0 0.3901001 0.0000000
11.5312662 0.7689682 0.0255085 0 1.3286387 0.0000000
12.0658043 0.7762164 -0.0468458 0 1.3180967 0.0000000
12.6518508 0.7175764 -0.0543935 0 0.2154717 0.0000000
9.8528782 0.6871791 -0.0277644 0 0.7083980 0.0000000
12.1973800 0.6830018 0.0250723 0 1.0710998 0.0000000
11.6204965 0.7248236 0.0387695 0 0.5440678 0.0000000
12.3257605 0.7289045 -0.0415382 0 0.4479306 0.0000000
13.1109242 0.7153773 0.0813861 0 0.1274630 0.0000000
12.6860421 0.7221573 -0.1400418 0 0.3293220 0.0000000
12.1973800 0.6410136 0.0129194 0 0.9358663 0.0000000
0.0000000 0.7084891 0.0638723 0 0.0000000 0.0000000
0.0000000 0.6881055 -0.0322446 0 -1.0000000 0.0000000
11.9587068 0.6624736 -0.0051410 0 0.1080893 0.0000000
12.6733570 0.6597782 0.0304439 0 0.4571330 0.0000000
11.4184719 0.7027445 0.0070417 1 0.7641403 0.0000000
12.2177196 0.7602964 0.0638751 0 0.8952444 0.0000000
13.2396361 0.7081936 -0.0521995 0 0.1260530 0.0000000
12.1116136 0.7189709 0.0137989 0 0.7087676 0.0000000
13.7165595 0.7419709 -0.0036940 0 0.0962062 0.0000000
13.8054431 0.8035336 0.0898767 0 0.1239122 0.0020492
13.9925540 0.8309236 0.0408890 0 0.1533085 0.0017794
14.3260964 0.7743536 -0.0887190 0 0.0934632 0.0000000
14.1530230 0.7648664 0.0039736 0 0.1019805 0.0012547
14.5757793 0.8192882 0.0725784 0 0.0867734 0.0027064
14.4679467 0.8210464 -0.0008820 0 0.1411476 0.0000000
14.2021822 0.8668691 0.0362392 0 0.1433582 0.0000000
14.2912670 0.8341409 -0.0976809 0 0.1051229 0.0008569
14.9522568 0.8112082 0.0740221 0 0.0800257 0.0011588
14.6008590 0.8636436 0.0188280 0 0.1076264 0.0000000
13.9764987 0.8797309 -0.0185297 0 0.2957922 0.0000000
14.5971369 0.8477864 -0.0709703 0 0.2343451 0.0016611
14.0172744 0.8038927 0.0191386 0 0.2502831 0.0000000
14.9095266 0.8341536 0.0269990 0 0.0976074 0.0015601
14.2428565 0.8447573 0.0034756 0 0.1873374 0.0011223
14.8101610 0.8205936 -0.0808151 0 0.1074648 0.0000000
14.9886244 0.7603464 -0.0269298 0 0.0941455 0.0000000
14.8310365 0.7709364 -0.0031726 1 0.1544631 0.0000000
13.6830198 0.7271427 0.0411009 0 0.3863847 0.0000000
0.0000000 0.7868255 0.0184762 0 -1.0000000 0.0000000
13.8040704 0.7828645 -0.0336393 0 0.8336031 0.0000000
14.3558055 0.7738409 0.0571677 0 0.3022355 0.0018149
14.1559257 0.7667473 -0.0431070 0 0.2148264 0.0000000
13.3833806 0.7658864 -0.0063952 0 0.4329969 0.0000000
13.4223598 0.7876136 0.0256456 0 0.2079632 0.0000000
13.2347934 0.7486082 -0.0837567 0 0.2723685 0.0000000
13.7299625 0.7649127 0.1016345 0 0.5116165 0.0000000
12.9340825 0.7478227 -0.1701509 0 0.5646317 0.0000000
13.0745566 0.6713327 0.0360025 0 0.3550871 0.0000000
12.2763680 0.7754555 0.0754959 0 0.9183008 0.0000000
12.4867716 0.7225227 -0.0648878 0 0.9381747 0.0000000
11.7884869 0.6671727 -0.0130249 0 0.5262642 0.0000000
13.0802385 0.6932236 0.0246758 0 0.2683819 0.0000000
13.0573149 0.7256464 0.0231819 0 0.2883964 0.0073529
12.7705992 0.7847064 0.0425983 0 0.3561943 0.0000000
13.1054146 0.7585164 -0.0359250 0 0.1948221 0.0026110
13.6783578 0.6948864 -0.0501309 0 0.1274142 0.0000000
13.5434905 0.7413736 0.1268900 0 0.1925784 0.0066667
12.8268991 0.8762655 0.1081845 0 0.3179062 0.0108696
11.8288961 0.8250055 -0.2240745 0 0.4430818 0.0030769
13.7387990 0.7406964 0.1137100 0 0.1808602 0.0000000
14.1750651 0.8141164 -0.0670703 0 0.0917075 0.0000000
13.9363990 0.6667009 -0.0932200 0 0.1928863 0.0763359
14.3154449 0.7188873 0.1355073 2 0.0812851 1.0000000
11.8288961 0.7219436 -0.0399436 0 0.5261537 0.0000000
10.1582460 0.7471082 0.0361098 0 0.1039228 0.0000000
13.5646553 0.8599309 0.1702682 0 0.0979987 0.0000000
12.2700188 0.8585809 -0.2277464 0 1.2115987 0.0036563
14.2895778 0.7643482 0.1488855 0 0.2513467 0.0000000
14.6174390 0.8658582 -0.0564760 0 0.1302703 0.0000000
13.5182185 0.7921273 -0.0563777 0 0.2842672 0.0000000
12.5890501 0.7750809 0.0296393 0 0.8910593 0.0000000
12.8047580 0.7291809 -0.0530950 0 0.5744925 0.0000000
13.0745566 0.7688309 0.0345186 0 0.4924061 0.0040486
13.6721077 0.7504345 0.0096455 0 0.4062460 0.0000000
13.8946239 0.7429927 -0.0487405 0 0.0972426 0.0000000
13.7490106 0.7749455 0.0807056 0 0.1835561 0.0000000
13.7358622 0.7443227 -0.1076673 0 0.1651735 0.0000000
12.9142143 0.7701782 0.0837234 0 0.4446757 0.0000000
13.3471679 0.7298909 -0.0856971 0 0.3898783 0.0000000
13.0189055 0.7482064 0.0994027 0 0.1546583 0.0000000
13.6353918 0.8314818 0.0871436 0 0.4124326 0.0000000
14.0381428 0.8243800 -0.1315064 0 0.1751160 0.0013908
14.4594239 0.7084891 -0.0987745 0 0.0841764 0.0018248
14.0992787 0.7770018 0.1324900 0 0.1438920 0.0000000
12.5982667 0.8116064 0.1097009 0 0.1551470 0.0000000
13.9857047 0.8413845 -0.1517564 0 0.2196092 0.0000000
13.5541289 0.8550600 0.1335291 0 0.3140961 0.0000000
13.7373317 0.7740264 -0.1765173 0 0.2517182 0.0024753
14.6385305 0.7359982 0.1157200 0 0.1522630 0.2975780
13.3028149 0.8195427 -0.0125924 21 0.0000000 1.0000000
0.0000000 0.8193809 -0.0323973 0 -1.0000000 0.0000000
13.8832673 0.7590127 0.0019936 0 0.0921518 0.0017575
14.9373311 0.8111936 0.0317943 0 0.0916335 0.0000000
14.3325952 0.7649118 -0.0116402 0 0.1901663 0.0009479
14.9324541 0.7588145 -0.0697109 0 0.1811540 0.0013850
14.5006452 0.7169873 0.0218190 0 0.1004865 0.0000000
14.4551351 0.7667964 0.0434207 0 0.2820349 0.0000000
14.3707252 0.6881518 -0.0971173 0 0.2533511 0.0000000
14.5745087 0.7457518 0.0166032 0 0.1562804 0.0000000
13.8807260 0.7109682 -0.0295588 0 0.2967585 0.0015528
14.2303787 0.6981264 -0.0229253 0 0.1042331 0.0000000
13.6239444 0.7527518 0.1538673 0 0.3073154 0.0000000
13.3579555 0.8691073 0.0281184 0 0.8121862 0.0000000
14.3236484 0.7967009 0.1137345 0 0.1349905 0.0000000
14.7015025 0.8883418 -0.1793736 0 0.0868837 0.0009747
14.7985418 0.7142055 -0.1092827 0 0.1225241 0.0000000
14.7236518 0.7156800 0.0939273 0 0.1353940 0.0021692
14.0261142 0.6783655 -0.1019400 0 0.2215582 0.0000000
14.3146208 0.6741991 0.0058098 0 0.3307577 0.0000000
13.8040704 0.7106127 0.0957709 0 0.5933726 0.0000000
12.7027091 0.7818355 -0.0873651 0 0.2450921 0.0000000
13.1380261 0.6542300 0.0134990 0 0.1066549 0.0000000
13.4462178 0.7593955 0.1007564 0 0.1937926 0.0000000
13.2937032 0.7282464 -0.0734316 0 0.4517759 0.0000000
13.0774016 0.7612045 0.0885094 0 0.4338263 0.1333330
12.1554160 0.7919982 -0.0813724 3 2.2058204 0.0000000
0.0000000 0.7447191 0.0654130 0 -1.0000000 0.0021834
13.7343905 0.7647300 0.0025745 0 0.1353207 0.0033784
13.5255045 0.7923391 0.0350102 0 0.3289438 0.0051282
12.9852117 0.7502845 -0.1333455 0 0.5937024 0.0000000
13.6642399 0.6875627 0.0289171 0 0.1858658 0.0000000
12.5936691 0.6680036 -0.0923909 0 0.8680406 0.0000000
12.7782915 0.6680709 0.0737705 0 0.8480376 0.0000000
12.8521256 0.6852545 -0.0634955 0 0.8434585 0.0000000
12.7705992 0.6617200 0.0217872 0 0.9903745 0.0000000
13.6922791 0.6553645 -0.0113024 0 0.1897974 0.0000000
13.6239444 0.6663973 0.0248359 0 0.2076363 0.0000000
13.3958547 0.6902373 0.0107677 0 0.2701428 0.0000000
12.0965758 0.6915918 0.0253842 0 1.0872757 0.0000000
12.9175532 0.6857436 0.0237688 0 0.7229460 0.0000000
12.6690926 0.7625791 0.0475185 0 0.1279215 0.0000000
13.2891160 0.8038782 0.0013902 0 0.2524343 0.0000000
13.9959612 0.7875873 0.0057072 0 0.1421486 0.0023529
13.8271535 0.8015618 -0.0686390 0 0.1978124 0.0000000
14.3938387 0.7706045 0.0390759 0 0.0814249 0.0000000
14.3285384 0.7404682 0.0332612 0 0.0927938 0.0015015
13.7902389 0.8528500 -0.0485216 0 0.3315240 0.0000000
14.4067031 0.7677173 0.0714699 0 0.1492171 0.0000000
14.2853423 0.8476309 -0.1026691 0 0.0850118 0.0014409
14.0532455 0.6768382 -0.0214828 0 0.3308831 0.0000000
14.6509751 0.7736182 0.0520678 0 0.2516630 0.0020284
13.2420486 0.7217391 -0.0009213 0 0.8082450 0.0000000
13.0037307 0.7632236 0.0042840 0 0.9610391 0.0000000
12.2700188 0.7256136 -0.0010599 1 1.1180118 0.0000000
12.9663433 0.7636800 -0.0154487 0 1.4834809 0.0000000
14.0424812 0.7453227 0.0701864 0 0.1569350 0.0000000
13.4828660 0.7928700 -0.0228897 0 0.1449928 0.0000000
13.4183276 0.7949173 -0.0025857 0 -1.0000000 0.0000000
13.3028149 0.7400964 -0.0544282 0 0.5982106 0.0000000
14.1294925 0.7307645 0.0434726 0 0.2090526 0.0000000
13.7014534 0.7464809 -0.0396079 0 0.3168496 0.0025000
13.7090350 0.7155045 0.0012564 0 0.2869156 0.0000000
10.9749855 0.7277036 0.0236382 0 1.1172427 0.0000000
13.2682094 0.7831364 0.0556935 0 1.2960953 0.0000000
13.5802400 0.7961773 -0.0123442 0 0.2918853 0.0000000
13.5417064 0.7657691 -0.0525511 0 0.3742955 0.0000000
13.8692096 0.7165191 0.0171440 0 0.0915254 0.0025063
14.1684079 0.7365591 0.0429091 0 0.0926341 0.0016393
13.4922911 0.7585409 -0.0773054 0 0.2082193 0.0000000
12.7150295 0.7477691 0.0636005 0 1.0496725 0.0000000
13.9291526 0.7726236 -0.0207848 0 0.1943117 0.0000000
13.2682094 0.8025509 0.0474019 1 0.3020059 0.0000000
13.6023310 0.7873664 -0.0636418 0 0.3536470 0.0340136
13.7255147 0.7739600 -0.0265299 0 0.2147273 0.0000000
13.5381286 0.7482073 -0.0013581 0 0.1184863 0.0031348
12.5070768 0.7588609 0.0904645 0 0.5946838 0.0000000
13.4081752 0.7424536 -0.1177200 0 0.1760080 0.0000000
13.1670136 0.6737164 -0.0353343 0 0.2807374 0.0000000
13.3471679 0.6588264 0.0256587 0 0.6022981 0.0000000
10.6477793 0.7103491 0.0811084 0 0.4317519 0.0000000
13.2299273 0.7833236 0.0420655 0 0.2766863 0.0000000
12.2109856 0.7561182 -0.0956773 0 0.9429674 0.0000000
13.6386385 0.7323218 0.0376801 0 0.2647215 0.0034483
13.1299724 0.7371155 -0.0227494 0 0.2510522 0.0000000
13.4243699 0.6914973 -0.0470905 0 0.2751328 0.0000000
12.5464907 0.7082936 0.0394874 0 0.3635834 0.0056497
12.7432003 0.7066627 -0.0218453 0 1.0073334 0.0000000
12.5269779 0.7114655 0.0277672 0 0.3588515 0.0000000
13.1539415 0.7437764 0.0424115 0 0.1528414 0.0000000
13.0368164 0.7938882 0.0803832 0 0.1516761 0.0000000
13.0573149 0.8667364 -0.0399068 0 0.2588180 0.0000000
13.6922791 0.7312609 -0.0154615 0 0.1009363 0.0000000
13.0189055 0.8393936 0.0883997 0 0.0971707 0.0000000
13.1380261 0.8069882 -0.1270827 0 0.3494125 0.0000000
12.9208810 0.7064627 -0.0789448 0 0.1702688 0.0000000
12.9695129 0.6931873 0.0660391 0 0.4089195 0.0000000
12.9726724 0.7283055 -0.0333635 0 0.4235170 0.0000000
12.7935009 0.7185327 0.0275405 0 0.2990973 0.0000000
12.4816303 0.6830127 -0.0367639 0 0.5475835 0.0000000
12.2442110 0.6994918 -0.0039183 0 0.6147017 0.0000000
12.0658043 0.6809936 0.0027862 0 0.5602273 0.0000000
13.1670136 0.7794973 0.0955064 0 0.2007773 0.0000000
13.4559930 0.6907527 -0.0477455 0 0.1913200 0.0000000
13.6140270 0.7840055 0.0305592 0 0.1007943 0.0000000
13.5733435 0.6827682 -0.1427473 0 0.2120040 0.0000000
12.0579612 0.6592991 0.0499564 1 0.9668506 0.0000000
11.0204472 0.7554127 0.1102264 0 0.8542720 0.0000000
13.4771680 0.7268273 -0.0553537 0 0.1141236 0.0022624
13.9132696 0.7702527 0.0720385 0 0.1184807 0.0000000
13.5646553 0.8525909 0.0946091 0 0.2770734 0.0000000
13.8601598 0.8577709 -0.1442582 0 0.1867804 0.0037879
14.1929143 0.7748545 0.0778845 0 0.0793624 0.0019493
13.9914157 0.8790527 0.0145678 0 0.0748650 0.0035714
14.3285384 0.8065073 -0.0620857 0 0.1770642 0.0024938
14.4944660 0.7614118 -0.0604155 0 0.0955419 0.0000000
14.5162652 0.7401491 0.0370542 0 0.1423246 0.0000000
14.1084391 0.7593255 0.0000504 0 0.2234305 0.0000000
13.6123645 0.7669327 -0.0249871 0 0.3122608 0.0000000
14.0348766 0.7089745 -0.0596374 0 0.2644283 0.0017575
14.1703145 0.6964409 0.0198333 0 0.0968889 0.0000000
13.7533553 0.7370436 0.1214327 0 0.2586787 0.0000000
13.9753419 0.8102264 -0.0451812 0 0.2191194 0.0000000
14.3462664 0.7385891 0.0362285 0 0.0829420 0.0012920
14.5142416 0.8111818 -0.0033800 0 0.0962915 0.0017007
14.3005069 0.7877482 -0.0941191 0 0.1024339 0.0022002
14.6771318 0.6853245 -0.0453280 0 0.0950532 0.0000000
14.6438829 0.6986827 0.0618644 0 0.1154955 0.0029940
13.7591190 0.7354545 -0.0583514 0 0.4026079 0.0000000
14.0139392 0.7115745 0.0830335 0 0.2895102 0.0000000
13.4656736 0.7309064 -0.0237854 0 0.3102901 0.0000000
13.8562561 0.6960373 -0.0577705 0 0.1605905 0.0000000
12.4502142 0.6750118 0.0063759 1 1.1716513 0.0000000
9.9864031 0.6934882 0.0113606 0 1.1684740 0.0072464
13.2077316 0.6973118 0.0193227 0 0.0924822 0.0000000
13.7677028 0.7262545 0.0148938 0 0.1355564 0.0000000
13.1486645 0.7272018 0.0288746 0 0.1728012 0.0000000
13.7999410 0.7845100 0.0552194 0 0.1223788 0.0000000
14.2525525 0.7914282 -0.0191654 0 0.2483929 0.0000000
14.9117978 0.8252973 0.0197363 0 0.1157295 0.0029297
14.7857571 0.8232027 0.0069959 0 0.1207401 0.0000000
14.5578416 0.7746664 -0.0627114 0 0.2091770 0.0000000
14.4551351 0.7952718 0.0724755 0 0.1556656 0.0000000
14.8514851 0.8272482 -0.0456156 0 0.1032746 0.0000000
14.5795816 0.7157982 -0.0959073 0 0.1486000 0.0000000
14.7350867 0.6985573 0.0172250 0 0.1375259 0.0000000
13.9327824 0.7796127 0.0432612 0 0.2982852 0.0000000
13.9695381 0.7169164 -0.0084040 0 0.3529000 0.0000000
14.3104903 0.7685827 0.0358308 0 0.1832046 0.0000000
14.1215243 0.7491482 -0.0781895 0 0.1470145 0.0000000
13.5345379 0.7225882 0.0612779 0 0.2041750 0.0000000
13.9483608 0.7393427 -0.0847110 0 0.1779827 0.0000000
14.2895778 0.6967045 0.0815796 0 0.1414147 0.0000000
14.1645838 0.7566736 -0.0235412 0 0.1604927 0.0024814
13.7120516 0.6724827 -0.0838891 0 0.1140014 0.0034722
13.8258103 0.6689109 0.0943918 0 0.3590850 0.0000000
0.0000000 0.7669673 -0.0453863 0 -1.0000000 0.0000000
13.3536544 0.7463555 0.0096825 0 0.2644109 0.0000000
13.6673945 0.7587582 0.1526755 0 1.3586385 0.0000000
0.0000000 0.9024636 -0.0447829 2 0.0000000 0.0000000
0.0000000 0.7645582 0.0204585 0 -1.0000000 0.0054348
12.7782915 0.8582645 0.0209530 0 0.3259601 0.0000000
13.7210471 0.8155764 -0.1048782 0 0.0715452 0.0000000
14.0283120 0.7093782 -0.0689563 0 0.0815225 0.0000000
14.0733840 0.6874391 0.0214805 0 0.1039668 0.0000000
14.2793823 0.7092945 0.0128305 0 0.1049708 0.0026385
13.8338425 0.7045082 -0.0195963 0 0.2650886 0.0000000
12.9695129 0.7284500 0.0616951 0 0.6497670 0.0000000
13.4403064 0.7534600 -0.0082946 0 0.3517175 0.0000000
13.8692096 0.7571491 -0.0051507 0 0.2942004 0.0000000
12.8010197 0.8090936 0.0444947 0 0.3699998 0.0000000
12.6860421 0.7360145 -0.0853639 0 0.4675899 0.0000000
12.8905246 0.7637309 0.0926936 0 0.3899140 0.0000000
13.2564029 0.8073564 0.0055491 0 0.2248870 0.0000000
13.8470877 0.8035882 0.0041823 0 0.1263533 0.0000000
13.5955856 0.7869873 -0.0611200 0 0.1757985 0.0026110
13.6402580 0.7215473 -0.0619635 0 0.2166272 0.0000000
13.7446470 0.6779600 0.0205520 0 0.2317701 0.0000000
12.5367819 0.7224082 0.0232216 0 0.4147790 0.0105263
12.4764623 0.7084191 -0.0235519 0 1.0217714 0.0000000
11.4904447 0.7040600 0.0080390 0 0.6213029 0.0000000
12.2310530 0.7252827 -0.0185102 0 1.4668933 0.0000000
11.6204965 0.6939991 0.0125529 0 1.8676271 0.0000000
12.0012662 0.7083964 0.0374525 0 1.6605193 0.0000000
12.2376537 0.7375382 -0.0116839 0 0.7191822 0.0000000
12.7859251 0.6839027 -0.0862890 0 0.2104666 0.0000000
12.2376537 0.6890455 0.1099045 0 0.2532503 0.0000000
12.9535636 0.7580727 -0.0185712 0 0.3063841 0.0000000
13.4885317 0.7894782 0.0771087 0 0.2358788 0.0000000
13.2444553 0.7947927 0.0082365 0 0.2241203 0.0000000
13.5594060 0.7563645 -0.0873385 0 0.1249208 0.0032680
13.5236879 0.7717745 0.1049718 0 0.1318473 0.0000000
12.9535636 0.7548036 -0.1083755 1 0.1544549 0.0000000
12.2571982 0.7837236 0.0509429 0 0.6413732 0.0000000
11.9499732 0.8098491 0.0440090 0 1.3284518 0.0000000
13.9008778 0.8523227 0.0520765 0 0.1644520 0.0015290
14.2954775 0.8306282 -0.0950509 0 0.0726400 0.0000000
13.8136398 0.7289618 -0.1124582 0 0.1194344 0.0026560
14.5642850 0.6847364 0.0557473 0 0.1825708 0.0000000
14.1175163 0.8257291 0.1534791 0 0.2076037 0.0016584
14.2249830 0.8440191 -0.0550065 0 0.2222019 0.0010050
14.8677378 0.7912173 -0.0525802 0 0.1003813 0.0000000
14.6289439 0.7632300 -0.0276262 0 0.0940144 0.0000000
14.2141034 0.7468345 -0.0075324 0 0.2005356 0.0000000
13.8743444 0.7505309 0.0499515 0 0.5141528 0.0000000
14.3005069 0.8152718 0.0615779 0 0.3471653 0.0000000
13.4771680 0.8254955 0.0028297 0 0.4573020 0.0033670
14.5877706 0.7525473 -0.1011473 0 0.1337049 0.0000000
13.9255096 0.7392291 0.0065818 0 0.0839284 0.0000000
14.5229812 0.8031891 0.0136944 0 0.2656448 0.0000000
14.0283120 0.7512500 -0.0377082 0 0.1675783 0.0026667
14.7126384 0.8033964 -0.0074635 0 0.1788236 0.0000000
13.9822624 0.6740791 -0.0736281 0 0.3092462 0.0000000
14.3446677 0.6960855 0.0989355 0 0.2662220 0.0000000
13.6418748 0.7085400 -0.0588252 0 0.4373272 0.0000000
14.0083557 0.8267873 0.2343827 0 0.3356984 0.0073801
13.3514970 0.8084364 -0.1993655 2 0.3661399 0.6666670
0.0000000 0.8259645 0.2110200 0 -1.0000000 0.0000000
13.8769019 0.8139927 -0.2336809 0 0.1006027 0.0000000
14.3991559 0.6711109 -0.0124805 0 0.1521398 0.0000000
13.7677028 0.6514127 -0.0657173 0 0.3630538 0.0000000
12.8305421 0.6523109 0.0136685 0 1.3323572 0.0000000
12.4395189 0.6492536 -0.0010898 0 2.9579215 0.0000000
11.5312662 0.6580518 -0.0251611 0 1.8989437 0.0000000
12.5982667 0.6542827 0.0721469 0 0.8112676 0.0000000
10.9979747 0.6838900 0.0054506 0 1.2929801 0.0068966
12.8521256 0.7161345 0.0275264 0 1.2465290 0.0000000
13.1406963 0.6817173 -0.0495903 0 0.2581080 0.0000000
12.3317665 0.6919764 0.0483278 0 0.5666603 0.0000000
10.4718932 0.7038982 -0.0019552 0 0.1232129 0.0000000
13.5663990 0.7525891 0.0735875 0 0.0989249 0.0000000
12.2507257 0.8169818 0.0711270 0 0.1854915 0.0000000
13.8549514 0.8384455 -0.0221495 0 0.3389080 0.0032415
14.2664900 0.8053718 -0.0652492 0 0.0731755 0.0000000
14.6719549 0.8107664 -0.0229540 0 0.0753841 0.0020661
14.5751442 0.8126609 0.0916427 0 0.0970850 0.0000000
15.0509282 0.7984500 -0.0757714 0 0.1022225 0.0000000
14.9898841 0.7276718 -0.0688533 0 0.1077362 0.0000000
14.0150522 0.7258027 0.0554548 0 0.3443669 0.0000000
13.6799142 0.7763864 0.0573909 0 0.7856688 0.0000000
13.5505953 0.8908009 0.1167073 0 0.6668265 0.0025510
13.8807260 0.8065418 -0.2026582 0 0.5325683 0.0014925
14.7681035 0.7220809 0.1271427 0 0.1374426 0.0000000
13.6547160 0.9008045 -0.0192388 0 0.1079708 0.0000000
13.7591190 0.8072755 0.0264552 1 0.2568462 0.2642490
13.2250373 0.8305000 -0.0571672 0 0.1739673 1.0000000
10.4326736 0.8695664 0.0471502 0 1.0542700 0.0000000
8.8233535 0.7861791 -0.0993664 0 0.0656883 0.0000000
14.0105928 0.7354791 0.0252877 0 0.0750678 0.0000000
13.4383282 0.7843164 -0.0064067 0 0.3056236 0.0000000
13.0544121 0.7269318 -0.0758816 0 0.5807496 0.0000000
13.8497158 0.7099345 0.0520865 0 0.2014019 0.0032680
13.5853814 0.7503418 0.0121903 0 0.2496426 0.0000000
13.3028149 0.8126973 0.0636824 0 0.3501705 0.0064103
12.8305421 0.7670509 -0.0694672 0 0.5792262 0.0063291
12.3728278 0.7878400 0.0415668 0 0.6511288 0.0000000
13.4303759 0.7567591 -0.0379417 0 0.4734861 0.0000000
13.3140889 0.7790445 0.0795828 0 0.1284421 0.0000000
12.6164490 0.8737791 -0.0356682 0 0.2591871 0.0032573
13.5273177 0.7805227 0.1621118 0 0.1507466 0.0000000
13.4790709 0.8821882 -0.2127527 0 0.1388488 0.0140845
12.1041230 0.7524118 -0.0292901 0 0.7171363 0.6250000
11.6445939 0.7008509 0.0138988 2 0.5706339 0.0000000
0.0000000 0.8199645 0.1154309 1 -1.0000000 0.0047847
12.9007462 0.8426364 -0.0197711 0 0.1613113 0.0000000
13.3854704 0.8843091 0.0928636 0 0.1736238 0.0030960
13.6563096 0.9069709 -0.0394597 0 0.1165165 0.0000000
13.4979038 0.8648291 0.0553152 0 0.1624122 0.0000000
13.5434905 0.8535518 -0.1206373 0 0.1426505 0.0000000
13.5716119 0.8285918 0.0292026 0 0.1576275 0.0000000
12.5750639 0.8544482 -0.0225467 0 0.3320901 0.0000000
13.0659729 0.8430718 -0.0553267 0 0.4088006 0.0000000
12.7511055 0.8323518 0.0690252 0 0.3297517 0.0000000
13.1670136 0.8309555 0.0091905 0 0.3768756 0.0000000
13.0308817 0.8641400 0.0572405 0 0.2239272 0.0000000
13.1081732 0.9029827 0.0093487 0 0.2192325 0.0000000
12.8158898 0.8907164 -0.0775321 0 0.4276380 0.0000000
12.5656299 0.8068573 -0.0246273 0 0.4416467 0.0000000
12.9599739 0.8946973 0.1056745 0 0.3640401 0.0107527
12.3728278 0.8909282 -0.0794211 0 0.5738787 0.0000000
12.6518508 0.8229218 -0.0081966 0 0.2704716 0.0000000
12.4341281 0.8058691 -0.0597853 1 0.4144365 0.0000000
9.8528782 0.7787345 0.0128735 0 1.1565850 0.0000000
9.4110747 0.8147309 0.0253312 0 1.9922000 0.0000000
10.0470250 0.8072145 -0.0057251 0 2.8059940 0.0000000
10.2583258 0.8178527 0.0204255 0 4.1525678 0.0000000
10.6477793 0.8214418 -0.0078662 0 4.3088525 0.0000000
10.5810895 0.8305427 0.0121771 0 2.3659538 0.0000000
10.6149902 0.8258445 0.0274849 0 1.0213633 0.0000000
9.9218676 0.8366227 -0.0631267 0 2.0591483 0.0000000
9.7787743 0.8175100 0.0902337 0 2.7771325 0.0000000
10.7102982 0.8527064 -0.0579430 0 3.5276643 0.0000000
10.6795272 0.8395055 0.0189865 0 4.2994058 0.0000000
11.8387483 0.7698464 -0.0717565 0 2.8677206 0.0000000
12.3495711 0.8411209 0.0199009 0 1.6594555 0.0000000
11.6681242 0.7659527 -0.0101548 0 1.6079031 0.0000000
12.8449827 0.7804209 0.0352939 0 1.1813669 0.0000000
10.2583258 0.7841709 -0.0380159 0 0.8425350 0.0000000
11.8677357 0.7665473 0.0362390 0 -1.0000000 0.0000000
12.2700188 0.7994600 -0.0204398 0 0.8072749 0.0000000
12.4918867 0.7880691 0.0143005 0 0.1788522 0.0000000
12.5656299 0.8324627 0.0370596 1 0.1420960 0.0000000
12.0012662 0.8765536 0.0181055 0 0.4118935 0.0000000
13.2299273 0.8176200 -0.0582075 0 0.1101942 0.0000000
12.6818316 0.7934345 -0.0338885 0 0.2203415 0.0000000
10.6477793 0.7750364 -0.0283732 0 1.2979227 0.0000000
8.3126260 0.8211282 0.0851078 0 2.6904900 0.0000000
9.6117305 0.8168427 -0.0227288 0 3.1395560 0.0000000
11.2211149 0.8015218 0.0253773 0 3.6528792 0.0000000
10.4718932 0.8463045 -0.0098927 0 3.4120140 0.0000000
11.5832255 0.7926773 0.0185249 0 1.6661309 0.0250000
11.5312662 0.8792636 0.1020264 0 1.1404106 0.0000000
11.2211149 0.9170573 -0.0430429 0 1.2116578 0.0000000
12.5703581 0.8822236 -0.0177460 0 0.2182108 0.0000000
12.7897202 0.8991082 0.0182890 0 0.2326997 0.0000000
12.4969758 0.8591645 -0.0532245 0 0.4896930 0.0000000
13.1951844 0.8277200 -0.0035890 0 0.4000966 0.0000000
12.7935009 0.8146018 0.0017043 0 0.5096716 0.0000000
12.2826771 0.8430409 0.0117855 0 0.9946283 0.0000000
11.7676530 0.8718800 0.0210678 1 0.9258055 0.0000000
10.9514555 0.8669509 -0.0423990 0 1.5764190 0.0000000
11.6204965 0.8365645 0.0217515 0 1.0608249 0.0000000
10.3048442 0.8302209 0.0295245 0 0.6991495 0.0000000
11.1056036 0.8831464 -0.0110860 0 1.4974472 0.0000000
11.3409146 0.8044855 -0.1073245 0 0.9974263 0.0000000
12.5513099 0.7453827 0.0034682 0 0.1951795 0.0000000
11.0639316 0.7558491 -0.0107562 0 1.0201838 0.0000000
11.5575833 0.7989382 0.0844562 0 0.7075800 0.0000000
11.0849847 0.7867818 -0.0934018 0 1.3225677 0.0000000
12.0095649 0.7731673 0.0712917 0 0.6594090 0.0000000
11.6681242 0.8257509 -0.0118078 0 0.4861000 0.0000000
11.2211149 0.8297636 -0.0076270 0 1.2811783 0.0000000
12.5070768 0.7817464 0.0028409 1 0.3055627 0.0000000
12.2244085 0.8670709 0.0449521 0 0.1821974 0.0000000
11.6564282 0.8701300 0.0410990 0 0.5202260 0.0000000
10.1582460 0.8878927 0.0148457 0 1.1048100 0.0000000
10.3918528 0.8812145 -0.0633285 0 1.9005780 0.0000000
10.9749855 0.8082664 -0.0342976 0 1.2627917 0.0000000
9.6117305 0.8487336 0.1141882 0 1.5227525 0.0000000
9.0056505 0.9058664 -0.0458449 0 2.5992667 0.0000000
9.4110747 0.8217673 -0.0658817 0 3.4008950 0.0000000
9.1597836 0.7868418 -0.0154555 0 4.3050675 0.0000000
7.2145044 0.8283500 0.0595335 0 -1.0000000 0.0000000
9.6987363 0.8024536 -0.0595659 0 5.3176371 0.0000000
10.9026662 0.8179727 0.0232059 0 2.7592460 0.0000000
11.7781242 0.8288036 0.0151521 0 0.2143132 0.0000000
12.1190485 0.8125718 -0.0127266 0 0.1111284 0.0000000
12.4232585 0.8588682 0.0416498 0 0.1371099 0.0125000
12.3495711 0.8883682 0.0855878 0 0.3088170 0.0000000
11.7781242 0.8720645 -0.1839364 0 0.3470404 0.0000000
12.3955560 0.8278845 0.1115136 0 0.3486467 0.0000000
12.3554362 0.9029391 0.0364885 0 0.1594656 0.0000000
12.7859251 0.8756827 -0.0668990 0 0.1435182 0.0000000
13.2914122 0.8051800 -0.0664009 0 0.0852426 0.0000000
12.8767313 0.7984027 0.0220025 1 0.1148261 0.0000000
12.4867716 0.8297073 0.0426190 0 0.4041619 0.0112994
11.0849847 0.8387073 -0.0069994 0 0.5406134 0.0000000
10.9749855 0.8497836 0.0583823 0 1.7467400 0.0000000
11.3881669 0.9045545 0.0167985 0 1.6017700 0.0000000
12.6431172 0.8684645 -0.1400982 0 0.3902485 0.0000000
13.4579366 0.7749591 0.0676875 0 0.0871311 0.0000000
13.4183276 0.8854009 0.0584417 0 0.1321231 0.0000000
13.7576812 0.8876209 0.0019464 0 0.1247464 0.0033557
13.9435933 0.8604418 -0.0664040 0 0.0833121 0.0000000
14.1520535 0.8441982 0.0103795 0 0.1393115 0.0023364
14.2979953 0.8398064 -0.0485550 0 0.0932467 0.0000000
14.4450558 0.8215909 0.0127617 0 0.0947560 0.0015823
13.6563096 0.8091445 0.0277208 0 0.2682048 0.0014144
13.2323633 0.8863491 0.0993427 0 0.7952954 0.0000000
11.2742240 0.8779382 -0.0805595 0 0.7327075 0.0000000
12.5750639 0.8300418 0.0043498 1 0.3045788 0.0000000
12.3842565 0.8479664 -0.0393375 0 0.2125363 0.0000000
12.6164490 0.8075964 -0.0045931 0 0.5736683 0.0097087
12.0500561 0.8613682 0.0290595 0 0.4457147 0.0000000
10.1041810 0.8493118 0.0304443 0 1.2750850 0.0000000
10.9026662 0.8723073 -0.0295144 0 1.8514846 0.0000000
9.7787743 0.8291473 -0.0373944 0 2.6750000 0.0000000
11.2913182 0.8049809 -0.0331582 0 2.4507250 0.0000000
11.8387483 0.7574991 -0.0274835 0 0.2432205 0.0000000
10.8513738 0.7518900 0.0065078 0 1.1345800 0.0000000
11.6082266 0.7509727 0.0257402 0 1.0982695 0.0000000
11.2742240 0.7670573 -0.0198340 0 0.7974449 0.0000000
11.8581663 0.8215064 0.1014264 0 0.3231154 0.0000000
12.3136392 0.9154991 0.1257600 0 0.1938327 0.0000000
12.4555192 0.8955700 -0.1128173 0 0.1225095 0.0000000
12.6164490 0.9089391 0.1077382 0 0.1321835 0.0000000
12.5318919 0.9358355 -0.0919409 0 0.2336354 0.0000000
12.5890501 0.8407391 -0.0791187 0 0.1728647 0.0000000
13.1460154 0.8012855 -0.0311444 0 0.2155289 0.0074627
12.3317665 0.8921573 0.1658418 0 0.3616180 0.0000000
12.4607963 0.9008464 -0.1005445 0 0.2638044 0.0000000
12.4764623 0.8312918 -0.0303349 0 0.3464333 0.0087719
12.4067292 0.8256173 0.0463616 0 0.3835241 0.0000000
11.1650262 0.8762664 -0.0193331 2 0.0000000 0.1562500
0.0000000 0.8201945 -0.0399422 0 0.0000000 1.0000000
0.0000000 0.7809336 -0.0293553 0 0.0000000 1.0000000
0.0000000 0.7629427 0.0026387 0 0.0000000 1.0000000
0.0000000 0.7674318 -0.0070983 0 0.0000000 0.0000000
0.0000000 0.7921509 0.0374876 3 0.0000000 0.0000000
0.0000000 0.8060355 -0.0074012 0 -1.0000000 0.0000000
7.2145044 0.8557109 0.0836261 0 0.7212900 0.0112360
11.2211149 0.8930773 0.0264511 0 0.4079247 0.0000000
12.1835867 0.9060445 0.0134376 0 0.8950518 0.0000000
12.3785585 0.8856536 -0.0867042 0 0.4403494 0.0000000
12.6605089 0.8389118 0.0101255 0 0.1708344 0.0000000
12.1696006 0.8207227 -0.0400618 0 0.1829573 0.0000000
12.3075230 0.8077773 0.0282464 0 0.2403780 0.0000000
12.1041230 0.8565264 -0.0006814 0 0.0935027 0.0000000
12.9503430 0.8902336 0.0891835 0 0.1518940 0.0000000
12.7027091 0.9398164 0.0395964 0 0.0979086 0.0000000
13.4363460 0.9303009 -0.0607905 0 0.1037123 0.0050378
13.8457711 0.8586291 -0.0533932 0 0.0823721 0.0000000
13.8284949 0.8573009 0.0108036 0 0.1402791 0.0000000
13.7705477 0.8514864 -0.0103613 0 0.1485479 0.0000000
14.1334529 0.8165464 -0.0373557 0 0.1298543 0.0000000
14.1984853 0.7765909 -0.0418318 0 0.0833541 0.0000000
12.3612671 0.7705809 0.0106702 1 0.5554583 0.0000000
11.3409146 0.8230745 0.0838093 0 1.0522399 0.0000000
11.6204965 0.8495127 -0.0298067 0 1.8579917 0.0000000
11.6681242 0.8500227 0.0330220 0 2.2310285 0.0000000
11.6082266 0.8426545 -0.0217850 0 1.5285527 0.0000000
10.4326736 0.8357873 0.0002071 0 2.4364855 0.0000000
10.3918528 0.8621191 0.0356086 0 3.2798763 0.0000000
8.6002467 0.7794145 -0.1230555 0 4.3284200 0.0000000
9.8528782 0.8337609 0.1622082 0 0.0000000 0.0000000
0.0000000 0.8872109 -0.0836676 0 -1.0000000 0.0000000
11.8485044 0.8074664 -0.0786545 0 6.4966030 0.0000000
11.2913182 0.7727636 0.0348648 0 3.9124100 0.0000000
9.8528782 0.8099727 -0.0066890 0 1.0496071 0.0000000
10.8247061 0.7681455 0.0004699 0 1.5322550 0.0000000
11.2913182 0.7963782 0.0320839 0 1.7092300 0.0000000
0.0000000 0.7973227 -0.0248080 0 -1.0000000 0.0000000
0.0000000 0.8029318 -0.0070029 0 -1.0000000 0.0000000
0.0000000 0.8033782 0.0171764 0 -1.0000000 0.0000000
11.6681242 0.8434718 0.0238391 0 -1.0000000 0.0000000
13.0067842 0.8333509 -0.0148225 0 3.6894461 0.0000000
11.3726629 0.8879664 0.0823243 0 3.2729910 0.0000000
9.2933019 0.8469518 -0.0356644 1 3.3794300 0.0000000
10.9749855 0.8651573 0.0183602 0 4.5363468 0.0000000
11.5958041 0.8731682 0.0159089 0 5.4084747 0.0000000
9.0056505 0.8800436 0.0396719 0 6.0915400 0.0000000
9.2933019 0.9179727 0.0224066 0 6.6912500 0.0000000
11.2027660 0.9254882 0.0049352 0 7.4874783 0.0000000
9.2933019 0.9288936 -0.0624687 0 8.3120400 0.0000000
10.1041810 0.9009336 -0.0282804 0 9.0121367 0.0000000
12.4177790 0.8528155 -0.0546376 0 9.6662394 0.0000000
12.3377367 0.8217027 0.0235415 0 1.0840213 0.0000000
12.2177196 0.8444427 -0.0226665 0 0.0876734 0.0227273
12.2889467 0.8508264 0.0768048 0 0.1967867 0.0000000
12.4122694 0.8930327 0.0164720 0 0.1234627 0.0000000
11.6326178 0.9114736 0.0174560 0 0.6173588 0.0000000
12.0095649 0.8203736 -0.0593482 0 0.4724788 0.0000000
12.1041230 0.8272236 -0.0263175 0 0.0000000 0.0000000
0.0000000 0.7996000 -0.0485714 0 -1.0000000 0.0000000
11.0639316 0.7748791 0.0019732 0 1.4961929 0.0000000
7.2145044 0.8001009 -0.0385518 0 3.1759100 0.0000000
10.2095374 0.7622127 0.0063526 0 2.3392142 0.0000000
10.8247061 0.7564609 0.0394677 0 2.4535667 0.0000000
10.6149902 0.7831827 -0.0311282 0 1.5645014 0.0000000
10.7973077 0.7687855 0.0108966 1 1.3148100 0.0000000
10.3492945 0.8303355 0.1299464 0 0.8227940 0.0153846
12.1041230 0.9366882 -0.0269570 0 0.1179113 0.0000000
12.3257605 0.8537591 -0.0027273 0 0.0697861 0.0000000
12.4764623 0.8759700 0.0039735 0 0.2092046 0.0000000
12.3377367 0.8297827 -0.0143349 0 0.2801774 0.0000000
12.1766181 0.8885682 -0.0208887 0 0.2505898 0.0000000
11.6326178 0.7916109 -0.0079361 0 0.7104559 0.0000000
11.9142554 0.8016564 -0.0398069 0 0.5331925 0.0000000
10.1582460 0.8742055 0.1074909 0 0.8806713 0.0000000
11.1258060 0.8720945 -0.0500895 0 1.1091950 0.0000000
11.3726629 0.8312136 -0.0520885 0 0.9760121 0.0000000
10.7691374 0.8278127 0.0572138 0 0.8499268 0.0000000
10.1041810 0.8634727 -0.0252485 0 1.7639678 0.0000000
10.4718932 0.8549436 0.0494229 0 0.5756540 0.0000000
11.4332868 0.8949673 0.0043852 0 0.5218775 0.0000000
11.5312662 0.9067773 -0.0068767 0 0.5999268 0.0000000
12.1973800 0.9317736 0.0595715 0 0.1009143 0.0000000
12.4607963 0.8795509 -0.1185527 0 0.1205132 0.0000000
12.4177790 0.7995527 -0.0232106 0 0.1893976 0.0000000
10.1041810 0.7890645 -0.0422535 1 0.9459267 0.0000000
10.6477793 0.7599055 0.0068578 0 1.1377919 0.0000000
10.9979747 0.7596627 0.0153939 0 0.9125135 0.0000000
7.9072836 0.7890627 0.0244336 0 1.5675600 0.0000000
9.1597836 0.8194155 0.0614195 0 2.2864400 0.0000000
10.3048442 0.8538773 -0.0237859 0 3.1367400 0.0000000
11.2913182 0.8365336 0.0653489 0 1.8750850 0.0000000
11.6204965 0.9023036 -0.0294462 0 0.6164588 0.0243902
11.5575833 0.8865991 0.0206112 0 0.4327204 0.0000000
11.4478855 0.8452036 -0.1209009 0 0.1436896 0.0000000
9.8528782 0.8496318 0.1415573 0 0.6075204 0.0000000
10.9979747 0.8362736 -0.1726600 0 0.8614749 0.0000000
7.9072836 0.8434536 0.1062409 0 1.7241450 0.0000000
9.4110747 0.8501409 0.0244223 0 2.2908867 0.0000000
9.4110747 0.8750455 0.0248332 0 3.1715880 0.0000000
8.3126260 0.8678518 -0.0448834 0 3.2959800 0.0000000
9.0056505 0.7997736 -0.0735128 0 3.3182467 0.0000000
8.8233535 0.7785973 0.0025771 0 3.5059650 0.0000000
8.6002467 0.7862427 0.1048300 0 3.5788350 0.0000000
7.9072836 0.8925836 -0.0600236 0 4.5732500 0.0000000
9.0056505 0.8620945 0.0968718 0 5.3571700 0.0000000
8.3126260 0.9180973 -0.0466493 0 5.0949250 0.0000000
9.2933019 0.8590891 -0.0149420 0 5.7825840 0.0000000
9.5164270 0.8932682 0.0259710 1 0.0000000 0.0000000
0.0000000 0.9465273 -0.0123993 0 -1.0000000 0.0000000
11.8088956 0.9327655 0.0405295 0 0.7470345 0.0000000
11.9142554 0.8597309 -0.1002764 0 0.1832618 0.0000000
11.5312662 0.7616500 -0.0767615 0 0.2541061 0.0000000
11.0639316 0.7479900 0.0361853 0 0.3363896 0.0000000
10.4718932 0.8076836 0.0397458 0 -1.0000000 0.0000000
10.4718932 0.7854218 -0.0130299 0 1.0314616 0.0000000
10.7973077 0.8228327 0.0055861 0 0.8392614 0.0000000
10.8513738 0.8336282 -0.0060360 0 0.6484023 0.0000000
10.9979747 0.7971418 -0.0339826 0 0.4146999 0.0000000
11.7355649 0.8056545 0.0348342 0 0.2148974 0.0000000
11.7355649 0.8101509 -0.0170715 0 0.1915938 0.0000000
11.7676530 0.8181245 0.0392818 0 0.2398637 0.0000000
11.7570709 0.7724936 -0.0515862 0 0.2092777 0.0169492
11.8387483 0.7923273 -0.0090953 0 0.3552396 0.0000000
11.8088956 0.7562064 -0.0281466 0 0.3465835 0.0000000
11.8088956 0.7372855 -0.0107625 0 0.4163140 0.0000000
10.5459991 0.7399191 0.0129125 0 0.2817775 0.0500000
10.8247061 0.7604709 0.0261884 1 0.9856927 0.0000000
9.9864031 0.7683918 -0.0129345 0 1.0790705 0.0000000
11.1258060 0.8171182 0.1745055 0 0.7708287 0.0000000
10.6477793 0.9343455 -0.0004408 0 0.6875870 0.0000000
11.8189459 0.8997173 -0.0461756 0 0.1661482 0.0000000
11.6082266 0.8232945 -0.0820291 0 0.2661766 0.0000000
11.8866040 0.7938491 -0.0006400 0 0.1398029 0.0000000
10.9979747 0.7971873 0.0082976 0 0.5762113 0.0181818
11.7355649 0.8417382 0.0210713 0 0.3823865 0.0000000
11.7463757 0.7869600 -0.0646817 0 0.2830137 0.0144928
11.6796849 0.7594382 -0.0019824 0 0.2567526 0.0000000
11.5312662 0.7691136 0.0003683 1 0.4255843 0.0416667
10.5459991 0.7469400 0.0236345 0 1.0877958 0.0000000
9.6117305 0.7949700 -0.0386165 0 1.0921623 0.0000000
10.8247061 0.7318373 -0.0460293 0 1.1133971 0.0000000
10.5810895 0.7854809 0.1305555 0 1.3151544 0.0000000
10.4718932 0.8052145 -0.1216964 0 0.9303343 0.0000000
10.5459991 0.7537155 0.0916627 0 0.8469402 0.0000000
11.2211149 0.8026536 -0.0281035 0 0.3615026 0.0000000
11.6796849 0.7966527 0.0325575 0 0.2624465 0.0000000
11.9499732 0.8438682 0.0451195 0 0.1715451 0.0000000
11.9844592 0.8939918 0.0612373 0 0.1408316 0.0000000
12.7744528 0.9229064 -0.0164603 0 0.1019270 0.0000000
13.3791877 0.9066082 -0.0336455 0 0.0815973 0.0027548
13.7417273 0.8295127 -0.0912527 0 0.0908391 0.0092593
12.2889467 0.7807745 0.0411813 1 0.4039469 0.0000000
10.3048442 0.8648418 0.1213018 0 0.9415532 0.0000000
0.0000000 0.9301045 -0.1122591 0 -1.0000000 0.0000000
12.4341281 0.8851245 0.0641574 0 1.4554111 0.0000000
8.3126260 0.8775509 -0.0432443 0 1.8935650 0.0000000
11.5178434 0.8340027 -0.0020925 0 2.6041658 0.0000000
12.2109856 0.8759627 0.0259357 0 1.4305491 0.0000000
12.3495711 0.8848736 0.0231578 0 0.6615786 0.0000000
12.6518508 0.8928500 -0.0144304 0 0.3568661 0.0000000
12.4969758 0.8617445 -0.0038500 0 0.0788356 0.0000000
13.3514970 0.8535609 -0.0338162 0 0.0868886 0.0000000
13.9578284 0.8472391 0.0563507 0 0.0797634 0.0000000
13.8338425 0.8983782 0.0145459 0 0.1192129 0.0000000
14.0403143 0.9067827 -0.0152801 0 0.1367360 0.0000000
14.0489537 0.8685027 -0.0319069 0 0.1159512 0.0000000
14.3121446 0.8716673 0.0097417 0 0.0750747 0.0012937
14.5323083 0.8531518 -0.0335011 0 0.0776337 0.0012690
14.5362792 0.8274373 -0.0341109 0 0.0863486 0.0000000
14.2490376 0.7873109 -0.0069686 1 0.2042921 0.0020325
14.0628354 0.8744036 0.1082691 0 0.1522446 0.0000000
12.4011582 0.8952400 -0.1057609 0 0.9718944 0.0000000
12.6733570 0.8431073 0.0339774 0 0.8659442 0.0000000
12.3899222 0.7988600 -0.0648627 0 0.8069673 0.0000000
12.3197182 0.8475627 0.1119664 0 1.6893078 0.0000000
13.9660395 0.9239273 -0.0461720 0 0.7741342 0.0000000
13.1136677 0.8397055 0.0556618 0 0.5270035 0.0000000
13.3340673 0.9191518 0.0023597 0 0.2617254 0.0000000
13.3875559 0.8580773 -0.1015064 0 0.3851568 0.0000000
13.4422808 0.8097282 -0.0028670 0 0.2789873 0.0000000
13.4501393 0.7979464 0.0028582 0 0.3238515 0.0024631
13.9613557 0.7841955 -0.0306811 0 0.2068336 0.0000000
13.8149994 0.7727627 0.0561675 0 0.1268115 0.0021186
14.0786169 0.7894473 -0.0650515 0 0.1347556 0.0016077
14.3350214 0.7495000 -0.0245062 0 0.1023951 0.0016978
13.8971302 0.7518800 0.0215840 0 0.0973204 0.0000000
14.3761664 0.7993991 0.1082682 0 0.1748584 0.0015924
14.4572818 0.8485373 -0.0096375 0 0.1130627 0.0000000
14.4356047 0.8559745 -0.0259527 0 0.0779675 0.0010776
14.7181603 0.9032355 0.1863564 0 0.0836189 0.1431650
14.5952707 0.9670945 -0.0866315 2 0.0984228 1.0000000
11.4332868 0.8615300 -0.1220673 0 0.9837434 0.0000000
14.2716669 0.8222418 0.0448058 0 0.1301381 0.0020747
14.0315997 0.9003809 0.0926764 0 0.4484410 0.0000000
14.5507057 0.8486255 -0.1866545 0 0.1633947 0.0011696
14.7285685 0.8071536 0.2294064 0 0.1592339 0.0018315
14.0992787 0.9383609 -0.0571804 0 0.2808588 0.0029806
14.5454838 0.8553518 -0.1169509 0 0.1844424 0.0000000
15.0122917 0.7963009 -0.0196603 0 0.0799339 0.0000000
14.7570420 0.7980200 -0.0235837 0 0.1574318 0.0000000
14.6361424 0.7408845 -0.0250897 0 0.1958607 0.0000000
14.0765270 0.7750191 0.0592022 0 0.2536970 0.0045455
13.4163053 0.7772364 -0.0038068 0 0.6503267 0.0022779
13.7705477 0.8154973 0.0425426 0 0.3903920 0.0000000
13.9339894 0.8988691 0.0898052 0 0.2193360 0.0000000
13.7648497 0.8595718 -0.1074645 0 0.2010294 0.0028329
13.7662772 0.9221627 0.0408585 0 0.1888404 0.0057143
13.7225385 0.8386291 -0.0314089 0 0.1532556 0.0113636
13.6892022 0.8649100 0.0483998 1 0.1429656 0.0327869
11.5575833 0.8593609 -0.0271047 0 0.2956632 0.0018248
14.2031043 0.8058945 -0.0826821 0 0.1671631 0.0031447
14.3961210 0.7897055 0.0200005 0 0.1437005 0.0000000
13.4383282 0.7946345 0.0259428 0 0.4421650 0.0000000
13.4481805 0.8411327 0.0021882 0 0.6284416 0.0036232
12.5656299 0.8120191 0.0451180 0 0.5612643 0.0000000
14.2595455 0.8533373 -0.0134994 0 0.3022324 0.0000000
13.6922791 0.7926318 -0.0739298 0 0.2119102 0.0000000
13.7790343 0.8229709 0.1082673 0 0.1695092 0.0000000
13.1406963 0.8858936 -0.0766936 0 0.2147985 0.0000000
13.0915062 0.8211236 0.0812973 0 0.3160388 0.0000000
12.5844098 0.8375736 -0.1094464 1 0.3347662 0.0000000
12.2244085 0.7776100 0.0256264 0 0.3442778 0.0000000
13.4263759 0.7951927 -0.0085566 0 0.1657209 0.0000000
12.3955560 0.8208655 0.0604269 0 0.2019778 0.0059172
13.0189055 0.8738327 0.0530043 0 0.2804253 0.0000000
12.9599739 0.8072900 -0.0723255 0 0.3156879 0.0000000
13.4081752 0.7994500 -0.0849812 0 0.2498097 0.0000000
13.5611588 0.8648918 0.1240218 0 0.1386400 0.0000000
13.1299724 0.8804336 -0.0223919 0 0.2564282 0.0000000
13.8351749 0.8425336 -0.0300467 0 0.1265306 0.0000000
13.0630952 0.7884573 -0.0617414 0 0.4967145 0.0000000
12.8767313 0.8177473 0.0855041 1 0.2872891 0.0000000
12.2109856 0.8570036 -0.0041819 0 0.4337981 0.0000000
12.6985683 0.8561927 0.0302336 0 0.7272217 0.0000000
13.2635035 0.9076300 0.0162466 0 0.2579577 0.0054795
13.7358622 0.8746655 -0.0344349 0 0.0955637 0.0000000
13.1109242 0.8503800 0.0188035 0 0.2776617 0.0000000
11.1650262 0.8631473 -0.0087148 0 0.6741233 0.0000000
12.5608793 0.8785036 0.0184419 0 1.3069893 0.0000000
12.6985683 0.8678191 -0.0195178 0 0.4289651 0.0000000
12.8121930 0.8805636 0.0526609 0 0.2784790 0.0000000
13.1644128 0.8668818 -0.1102427 0 0.2987203 0.0000000
13.6006489 0.8007445 -0.0162392 0 0.0976576 0.0000000
13.6752376 0.7931309 0.0295915 0 0.0956384 0.0063694
12.8485605 0.8609382 0.0587304 0 0.1748025 0.0000000
12.8449827 0.8653273 -0.0398831 0 0.3383011 0.0000000
12.5890501 0.8331045 -0.0105059 0 0.4878866 0.0049020
13.2959889 0.8216818 0.0175950 0 0.2573415 0.0046296
13.1644128 0.8251109 -0.0282222 0 0.2290225 0.0000000
12.6474935 0.8426445 0.0069355 0 0.2996020 0.0000000
12.8801975 0.8789509 0.0706659 0 0.4786801 0.0059524
13.0544121 0.9172309 0.0094667 0 0.0951342 0.0000000
13.6594893 0.9137045 0.0060714 0 0.1267501 0.0000000
14.0744328 0.8762073 -0.0702809 0 0.0876705 0.0000000
13.3073397 0.8482536 -0.0924182 1 0.2682915 0.0060976
12.9373558 0.7592800 0.0073204 0 0.3820309 0.0000000
11.6326178 0.7945164 0.0650904 0 0.5964561 0.0000000
12.4341281 0.7930445 -0.0368251 0 1.3829350 0.0000000
12.4448809 0.8096500 0.0320301 0 1.4232864 0.0000000
11.7135862 0.8179582 -0.0064308 0 0.5862637 0.0117647
13.0158889 0.8209009 0.0037492 0 0.5078858 0.0000000
10.9979747 0.8419691 0.0556129 0 0.7218967 0.0000000
12.6164490 0.8632291 0.0038028 0 0.6985423 0.0000000
12.5318919 0.8728255 0.0324305 0 0.2433250 0.0000000
12.4660456 0.8805545 -0.0535996 0 0.1257672 0.0000000
13.0249115 0.8317882 -0.0061774 0 0.1808876 0.0000000
12.8305421 0.8473145 -0.0243229 0 0.2339654 0.0000000
13.0544121 0.8669218 0.1148700 0 0.2516091 0.0000000
12.8767313 0.9190264 -0.0010057 0 0.3323795 0.0074627
12.8767313 0.9112400 -0.0507105 0 0.5314182 0.0000000
12.7150295 0.8868327 0.0146849 0 0.2259717 0.0000000
12.7782915 0.8896418 -0.0045707 0 0.5299295 0.0000000
12.8413921 0.8726345 -0.0221867 0 0.2124615 0.0000000
12.9883221 0.8912173 0.0395475 0 0.2096219 0.0121951
12.2763680 0.8660700 -0.0520809 0 0.2707256 0.0000000
12.6119343 0.8372518 -0.0222380 0 0.2952321 0.0000000
11.9759485 0.8616073 0.0895209 0 0.5192038 0.0303030
12.1482475 0.8928255 -0.0904359 0 0.3561459 0.0000000
12.6298720 0.8453209 0.0084044 0 0.1200423 0.0085470
12.3955560 0.8496045 0.0498016 1 0.0848948 0.0000000
12.3612671 0.9049655 0.0579135 0 0.4333685 0.0000000
10.5096324 0.8960536 -0.1287127 0 0.9821417 0.0000000
11.7987433 0.8563955 0.0548667 0 0.6863225 0.0000000
10.6149902 0.8842509 -0.0046980 0 0.9866101 0.0000000
10.1582460 0.8442964 -0.0544486 0 1.7416163 0.0000000
10.4326736 0.8400200 -0.0001617 0 2.0688220 0.0000000
11.3246542 0.7985027 -0.0477205 0 1.8255485 0.0000000
12.0012662 0.7917036 0.0255835 0 0.1402968 0.0000000
10.7102982 0.7866573 -0.0185137 0 0.8863881 0.0000000
9.9864031 0.7913118 0.0097434 0 0.7996427 0.0000000
11.4478855 0.7971473 -0.0049510 0 0.0000000 0.0000000
0.0000000 0.8064600 0.0510320 0 -1.0000000 0.0000000
10.1582460 0.9232518 0.1364827 0 1.6562990 0.0000000
11.3881669 0.8943700 -0.1737100 0 1.2441183 0.0000000
11.4764586 0.8004082 0.0704830 0 0.2807589 0.0000000
10.4718932 0.9318991 0.0790930 0 0.7771540 0.0000000
10.9514555 0.8938473 -0.1108500 0 1.2781586 0.0000000
11.7884869 0.8324127 -0.0171015 0 0.1289929 0.0140845
12.0095649 0.8365127 0.0450506 1 0.1497687 0.0000000
12.1041230 0.8695273 0.0213962 0 0.1524283 0.0000000
10.0470250 0.9028436 0.0059505 0 1.2593507 0.0000000
9.6987363 0.8967555 -0.0132943 0 1.9499360 0.0000000
9.4110747 0.8311155 -0.0779506 0 1.9300800 0.0000000
11.2391331 0.8295355 0.1333782 0 1.1243567 0.0000000
10.5459991 0.9001855 -0.0571960 0 1.0412103 0.0000000
11.9322738 0.8478355 -0.0547949 0 0.2823781 0.0000000
12.0813084 0.8156736 -0.0067686 0 0.1692778 0.0204082
11.6681242 0.8437564 -0.0019889 0 0.4026429 0.0000000
11.5704866 0.7582509 -0.0866471 0 0.3477385 0.0000000
10.9979747 0.7937445 0.1407100 1 0.2430612 0.0000000
8.3126260 0.8378900 -0.0388178 0 1.2329000 0.0000000
11.1258060 0.8446182 -0.0013426 0 1.2082781 0.0000000
11.3726629 0.8753573 0.0396581 0 0.6205315 0.0000000
11.9673648 0.8147055 -0.0433243 0 0.2070870 0.0000000
10.7973077 0.8335909 0.0496816 0 0.5398968 0.0000000
8.3126260 0.8835191 -0.0280606 0 1.3266685 0.0000000
9.5164270 0.8056364 -0.0483855 0 2.1066360 0.0000000
11.3569147 0.7558282 -0.0575197 0 0.8198704 0.0000000
11.4034342 0.7822045 0.1234936 0 0.4761485 0.0000000
12.1410273 0.7967582 -0.1000573 0 0.1869530 0.0000000
12.1041230 0.7390018 -0.0185232 0 0.2246283 0.0000000
11.5704866 0.7678164 0.0536830 0 0.3455138 0.0000000
9.8528782 0.8145491 0.0496054 0 0.9428078 0.0000000
11.2391331 0.8692973 0.0551638 0 0.7982709 0.0000000
11.7676530 0.8740500 -0.0485515 0 0.2099807 0.0000000
12.7150295 0.8061882 0.0167931 0 0.1911533 0.0000000
12.9663433 0.9161000 0.0542767 0 0.1188437 0.0000000
12.5513099 0.8656409 -0.0978964 0 0.1474575 0.0000000
11.1056036 0.7933573 -0.0707042 0 0.9734190 0.0000000
12.0965758 0.7676936 0.0551670 1 0.5839728 0.0000000
12.0012662 0.7567500 -0.0784186 0 0.1655266 0.0000000
10.5810895 0.7730291 0.1084255 0 1.3820355 0.0000000
9.1597836 0.8200364 -0.0619674 0 2.1062150 0.0000000
9.1597836 0.8259264 0.1319645 0 3.6478967 0.0000000
9.5164270 0.9289073 -0.0682109 0 4.4221433 0.0000000
11.0639316 0.7973118 -0.0433871 0 3.6969687 0.0000000
11.1456084 0.8935573 0.1255009 0 0.7268834 0.0000000
10.9026662 0.8638645 -0.1014536 0 0.9943112 0.0000000
12.4122694 0.7945764 -0.0273321 0 0.1917711 0.0000000
10.9273583 0.8492145 0.1039955 0 0.6821818 0.0000000
11.5704866 0.9158600 0.0342319 0 0.7887177 0.0000000
11.8677357 0.9034627 -0.0711939 0 0.3107306 0.0000000
11.7884869 0.8494609 -0.0349129 1 0.5072539 0.1351350
11.5832255 0.8512527 0.0366211 0 0.5252610 1.0000000
10.4326736 0.7900118 -0.0743876 0 0.9108402 0.0000000
10.2583258 0.8031436 0.0005578 0 0.0000000 0.0000000
0.0000000 0.8029800 0.0338704 0 -1.0000000 0.0000000
8.6002467 0.8064900 -0.0216925 0 1.4951400 0.0000000
10.2583258 0.7285655 -0.0682067 0 2.3521678 0.0000000
8.6002467 0.7896236 0.1054309 0 1.1338034 0.0833333
7.2145044 0.8269455 -0.0264040 0 2.3138500 0.0000000
9.0056505 0.8152055 0.0074046 0 2.4664425 0.0000000
8.3126260 0.8501418 0.0525910 0 3.2957500 0.0000000
9.5164270 0.7706364 -0.1154618 0 3.9853990 0.0000000
10.8773488 0.8213200 0.1195400 0 1.9188785 0.0000000
9.4110747 0.8346600 -0.0514883 0 0.4217980 0.0000000
10.3492945 0.7913718 -0.0335385 0 0.5340235 0.0000000
10.1041810 0.7875445 -0.0563521 0 0.6295755 0.0000000
9.5164270 0.7683909 -0.0084009 0 0.7875199 0.0000000
7.9072836 0.7315364 -0.0365369 0 0.7750815 0.0000000
9.2933019 0.7673400 0.0885007 0 2.3616975 0.2500000
9.9864031 1.3636364 0.0000000 0 0.0000000 1.0000000
0.0000000 0.6321691 0.0570608 3 0.0000000 1.0000000
0.0000000 0.6614473 -0.0448368 0 0.0000000 0.0000000
0.0000000 0.6188564 -0.0330263 0 0.0000000 0.0000000
0.0000000 0.6796427 0.1903127 1 0.0000000 0.0000000
0.0000000 0.7712964 -0.0119762 1 -1.0000000 0.0000000
8.6002467 0.7402764 -0.0519246 0 0.1401690 0.0000000
10.3492945 0.7427827 0.0747999 0 0.4644931 0.0000000
9.9864031 0.7721827 -0.0574430 0 0.0000000 0.0000000
0.0000000 0.7763955 0.0539945 0 -1.0000000 0.0000000
10.8247061 0.8586991 0.1077609 0 0.9921576 0.0000000
10.7102982 0.8602355 -0.1073491 0 0.1734270 0.0000000
10.3048442 0.8035018 -0.0334776 0 0.7707574 0.0000000
10.9749855 0.8737218 0.1453100 0 0.3640680 0.0000000
11.6326178 0.8947382 -0.0576955 0 0.0792207 0.0000000
12.5750639 0.8524064 0.0221488 0 0.0746864 0.0000000
12.4816303 0.8992409 -0.0052265 0 0.2669219 0.0000000
12.9108643 0.8434864 0.0070380 0 0.3099942 0.0000000
13.1850320 0.8592500 0.0094524 0 0.1092800 0.0111111
11.7570709 0.8867027 -0.0341582 0 0.5373834 0.0000000
13.4422808 0.8497682 0.0047930 0 0.1496620 0.0000000
13.0858882 0.8671745 0.0431985 0 0.2404152 0.0000000
13.3185632 0.8315009 -0.0970555 0 0.1180528 0.0000000
13.4040852 0.8444709 0.0516581 0 0.1873321 0.0000000
13.6799142 0.8676309 0.0203921 0 0.1182920 0.0000000
13.4618126 0.8387300 -0.0651181 0 0.1779448 0.0000000
13.5434905 0.8035273 0.0031199 0 0.2207028 0.0000000
12.9599739 0.8056782 -0.0238896 0 0.1454679 0.0000000
12.5269779 0.7904318 0.0159687 0 0.5574350 0.0000000
13.2201233 0.7678482 -0.0874003 0 0.2444290 0.0000000
12.6860421 0.7426200 0.0857201 1 0.4006240 0.0000000
0.0000000 0.8424964 0.0134458 0 -1.0000000 0.0000000
12.3670642 0.7402818 -0.0933591 0 1.8824609 0.0000000
12.7109396 0.7598955 0.1088427 0 0.3979907 0.0000000
10.3048442 0.7945691 -0.0615173 0 1.0318926 0.0000000
10.0470250 0.7645036 -0.0187242 0 2.0427000 0.0000000
11.1056036 0.7753055 0.0190334 0 3.1883025 0.0000000
11.9233051 0.7808809 -0.0335728 0 2.3348759 0.0000000
12.5170769 0.7412300 -0.0044572 0 0.3653453 0.0000000
12.1482475 0.7741018 0.0457271 0 0.1398144 0.0117647
12.0735864 0.7568309 -0.0392582 0 0.1961632 0.0192308
11.7355649 0.7369845 -0.0009170 0 0.4418652 0.0000000
11.1258060 0.8014991 0.1442291 0 0.8000080 0.0000000
11.7987433 0.8052073 -0.1693655 0 0.7150417 0.0000000
12.3317665 0.7468436 0.1309355 0 0.2894481 0.0000000
11.7463757 0.8435918 -0.0143880 0 0.2292296 0.0000000
12.2310530 0.7958482 -0.0506231 0 0.2222876 0.0000000
12.2571982 0.8037445 0.0497577 1 0.1847151 0.0000000
10.7102982 0.7702609 -0.0873751 0 0.4901940 0.0000000
12.1766181 0.7904373 0.0795432 0 0.3873764 0.0000000
10.9979747 0.8285145 0.0125242 0 0.1785643 0.0000000
10.5459991 0.8420627 -0.0312125 0 1.3273929 0.0000000
11.2027660 0.8361473 0.0611528 0 1.2160707 0.0000000
11.1650262 0.8572564 -0.0053855 0 0.7767830 0.0000000
13.0427161 0.8456227 -0.0275562 0 0.1179856 0.0043290
13.3493348 0.8182127 -0.0371726 0 0.0997863 0.0000000
13.2682094 0.8015155 0.0420711 0 0.1459607 0.0000000
12.9883221 0.8458100 -0.0141907 0 0.2642698 0.0000000
13.3005447 0.8361436 0.0471266 0 0.2311616 0.0000000
13.0970927 0.9305727 0.1194300 0 0.2200920 0.0000000
13.3207928 0.8464955 -0.2058891 0 0.2039553 0.0027100
13.7299625 0.8692082 0.1577045 0 0.0886795 0.0000000
13.1136677 0.9015373 -0.0675593 0 0.3153343 0.0000000
13.1565696 0.8984536 0.0144575 0 0.2896382 0.0000000
13.1245669 0.7936645 -0.1043909 0 0.2657940 0.0000000
13.7029744 0.8230018 0.1675445 0 0.1110563 0.0000000
10.3918528 0.9178918 -0.0758436 0 0.5433350 0.0000000
12.9789617 0.8250955 -0.0772225 0 0.7757445 0.0000000
12.8413921 0.7549982 -0.0385932 1 0.2974535 0.0000000
11.3726629 0.7484036 0.0175445 0 0.0000000 0.0000000
0.0000000 0.8105555 0.0690783 0 0.0000000 0.0000000
0.0000000 0.8156000 -0.0450525 0 -1.0000000 0.2647060
0.0000000 0.8261773 0.0509960 0 -1.0000000 1.0000000
0.0000000 0.8128491 -0.0386324 0 -1.0000000 1.0000000
0.0000000 0.8043509 -0.0286314 0 -1.0000000 1.0000000
0.0000000 0.8131827 0.1134636 0 -1.0000000 1.0000000
0.0000000 0.8725027 -0.0401809 0 -1.0000000 1.0000000
0.0000000 0.8266836 -0.0416840 0 -1.0000000 1.0000000
0.0000000 0.8104473 0.0235611 0 -1.0000000 1.0000000
11.9673648 0.8455009 0.0199335 0 10.3525833 1.0000000
