12.1116191 0.7886782 0.0295570 0 0.0827578 0.0000000
13.8807260 0.7530573 -0.0586539 3 0.2014747 0.0000000
13.4559930 0.7105473 -0.0555144 0 0.3146911 0.0000000
12.8084824 0.6850527 0.0319603 0 0.2970882 0.5555560
11.3081251 0.7281609 0.0662904 0 0.8097307 1.0000000
0.0000000 0.7990609 0.0155636 0 -1.0000000 1.0000000
12.3136392 0.7937845 -0.0049999 0 0.0000000 0.0000000
0.0000000 0.7182082 -0.0287978 0 0.0000000 1.0000000
0.0000000 0.8125336 0.1914582 0 0.0000000 0.0000000
0.0000000 0.8480018 -0.1349964 0 0.0000000 0.0000000
0.0000000 0.8086518 -0.0226935 0 0.0000000 0.0000000
0.0000000 0.7700764 -0.0302421 0 0.0000000 0.0000000
0.0000000 0.7267800 -0.0612891 0 -1.0000000 0.0000000
12.8592178 0.6486655 -0.0419649 0 0.1003174 0.0000000
13.9822624 0.6598209 0.0425797 0 0.1328323 0.0000000
14.0827835 0.7060036 0.0219396 0 0.1292708 0.0031898
14.1403461 0.7112373 -0.0150535 0 0.1037609 0.0017575
14.2733866 0.7107664 0.0099143 0 0.1292524 0.0000000
13.8351749 0.7453882 0.0639940 0 0.1922183 0.0000000
14.1064107 0.7829036 -0.0137997 0 0.2723185 0.0058055
14.2971568 0.7025027 -0.0910127 0 0.1161150 0.0011737
14.6058003 0.6584318 -0.0170178 0 0.1159880 0.0000000
14.8206532 0.7395245 0.1740345 0 0.0961975 0.0000000
14.6713780 0.7765882 -0.0561322 0 0.1376174 0.0035587
13.3958547 0.7587027 -0.0184771 0 0.2216112 0.0000000
13.5327377 0.7353245 -0.0554091 0 0.8788686 0.0000000
14.0879676 0.6984482 0.0708625 0 0.2931244 0.0000000
13.9764987 0.7657745 0.0391936 0 0.1588983 0.0019380
13.9008778 0.7309755 -0.1277455 0 0.1806100 0.0000000
13.9683733 0.7016500 0.0545796 1 0.3720349 0.0034843
13.3536544 0.7746445 0.1182036 0 0.4096615 0.0000000
13.9857047 0.8571500 -0.0646645 0 0.3813944 0.0000000
12.9007462 0.7141818 -0.0208384 0 0.3450033 0.0030769
13.5576500 0.8572155 0.1407045 0 0.2748179 0.0000000
14.1144997 0.8753800 -0.1056845 0 0.0946420 0.0023256
13.9982262 0.7753518 -0.0313837 0 0.1548935 0.0000000
14.0838225 0.7791145 0.0199081 0 0.1311580 0.0000000
13.5363349 0.7759555 -0.0320416 0 0.2694465 0.0040161
13.3428201 0.6619118 -0.1184255 0 0.3916918 0.0000000
13.1875798 0.7099209 0.1256818 0 0.3285196 0.0000000
11.7463757 0.7972855 0.0133402 0 0.8284970 0.0045249
13.1460154 0.7551636 -0.0553307 0 0.4976595 0.0000000
13.6999302 0.7505791 0.0849804 0 0.1371378 0.0000000
13.6222983 0.8300991 0.0755705 0 0.1524207 0.0053476
12.7972674 0.7429036 -0.1795364 0 0.3977522 0.0000000
13.6451006 0.7064364 0.0712420 0 0.2035518 0.0000000
13.1353487 0.8853991 0.1779327 0 0.3656182 0.0040816
13.1951844 0.9054218 -0.0851355 0 0.2301528 0.0000000
13.5488239 0.8085755 -0.0505409 0 0.1845447 0.0000000
13.0368164 0.8442536 0.0190961 0 0.1667059 0.0000000
12.2042059 0.7637309 -0.1028645 0 0.7769091 0.0000000
13.4383282 0.7017491 0.0190586 0 0.2320162 0.0000000
13.5541289 0.8589345 0.1574600 0 0.1565999 0.0000000
13.1696076 0.8876400 -0.0458032 0 0.1814099 0.0000000
12.9503430 0.8155900 -0.0485981 0 0.1048315 0.0000000
13.0970927 0.8070455 0.0426255 0 0.2772298 0.0000000
11.9142554 0.8297673 -0.0415613 0 0.4958448 0.0000000
12.5936691 0.7016455 -0.1451891 0 0.5836316 0.0000000
13.6040102 0.7181482 0.1566836 0 0.1821649 0.0000000
13.1747755 0.8494700 0.0298903 0 0.2021792 0.0041841
13.2002222 0.8478155 -0.0006486 0 0.2985471 0.0000000
13.4122485 0.8083436 -0.1342791 0 0.1490879 0.0000000
12.5367819 0.7273336 0.0833058 0 0.4035006 0.0000000
12.7068328 0.8123900 0.0356199 0 0.2472303 0.0000000
13.5733435 0.7725027 -0.1130182 0 0.1286571 0.0000000
13.4904132 0.7375573 0.0643874 1 0.2032231 0.0000000
13.4422808 0.8281636 0.0814892 0 0.1492964 0.0000000
13.7591190 0.7418718 -0.1620918 0 0.1094794 0.0000000
13.6861157 0.7356164 0.1060018 0 0.1751766 0.0000000
12.5703581 0.9436836 0.0948491 0 0.4657581 0.0000000
12.9175532 0.8404655 -0.1701527 0 0.4490465 0.0000000
13.7014534 0.7311809 -0.0445442 0 0.2292695 0.0000000
14.0723341 0.7199264 0.0825656 0 0.1088232 0.0036496
13.5016282 0.8127064 0.0999364 0 0.2776869 0.0033670
13.7314407 0.7987982 -0.1760645 0 0.2317378 0.0000000
12.3842565 0.6877082 0.0081459 0 0.4927957 0.0000000
12.6944103 0.7967064 0.1851564 0 0.9888871 0.0000000
12.4867716 0.8846018 -0.0240305 0 1.1657357 0.0000000
14.3021777 0.8586709 -0.0277908 0 0.1073929 0.0000000
14.0553846 0.7926909 -0.0618976 0 0.1662027 0.0000000
14.3983980 0.8142027 0.0588332 0 0.1556030 0.0018116
13.9230735 0.7788818 -0.1300973 0 0.1176080 0.0020661
14.2348529 0.7504109 0.1024745 0 0.3034584 0.0016420
14.2285833 0.9035527 0.1363355 0 0.1778334 0.0036036
14.2904227 0.8953655 -0.1111873 0 0.1964503 0.0011976
14.4608494 0.7899782 -0.0806126 0 0.0856632 0.0000000
13.8958778 0.7226727 -0.0600772 0 0.2109584 0.0017668
13.7691262 0.7369236 0.0713483 0 0.3861532 0.0017452
14.6180479 0.8491382 0.0836026 0 0.1101559 0.0034169
14.5896509 0.7383436 -0.1101691 0 0.0821788 0.0029325
14.3430664 0.7662882 0.1385155 0 0.2149620 0.0026455
14.3446677 0.8866836 0.0164614 0 0.1429960 0.0012106
14.7522637 0.8625709 -0.0578889 0 0.1256230 0.0000000
14.1033604 0.8346627 0.0134498 0 0.2579354 0.0010811
14.7701967 0.7882609 -0.1397282 0 0.1074883 0.0009208
14.8615547 0.7675555 0.0988536 0 0.0974339 0.0009183
14.6509751 0.8586300 0.0446195 0 0.1527021 0.0000000
14.7696738 0.8552173 -0.0391424 0 0.2232753 0.0000000
14.5203002 0.7847682 -0.0518478 0 0.2324961 0.0000000
14.1393642 0.7672182 0.0317564 0 0.3346625 0.0000000
14.4889411 0.8318664 0.0593910 0 0.1276769 0.0000000
14.4312123 0.7836391 -0.1955491 0 0.2290798 0.0017271
14.1165118 0.6799591 0.0311925 0 0.3061399 0.0000000
14.7872999 0.8017355 0.1747745 0 0.1103800 0.0010122
14.7538590 0.8875964 0.0029393 0 0.1017701 0.0012092
14.8911691 0.8526945 -0.0520583 0 0.1144354 0.0018018
13.7999410 0.7750427 -0.0736307 0 0.3688139 0.0022936
15.0824055 0.7464064 0.0319860 0 0.2193369 0.0020704
15.1363921 0.8120873 0.0674819 1 0.1184737 0.0023095
14.9999051 0.7935900 -0.1737118 0 0.1131206 0.0000000
14.6343477 0.7015373 0.0632640 0 0.2337843 0.0011161
14.8076465 0.8588582 0.1396127 0 0.1738720 0.0000000
14.5865151 0.8795382 -0.0242693 0 0.2278717 0.0052910
13.0830673 0.8292636 -0.0165235 0 0.7960329 0.0000000
13.7930205 0.7835173 -0.0716785 0 0.8819664 0.0000000
14.5700487 0.7134800 -0.0292095 0 0.2710132 0.0008389
15.0525062 0.7949009 0.1367827 0 0.1351016 0.0000000
14.4312123 0.9474464 0.0582415 0 0.2797594 0.0000000
13.5972762 0.8708109 -0.0312971 0 0.5518474 0.0000000
12.4969758 0.8094109 -0.1760600 0 0.8812267 0.0032859
14.4208877 0.7432664 0.1295891 0 0.2022898 0.0025189
14.2621554 0.9222964 0.0645409 0 0.4328428 0.0013459
14.3831189 0.8633109 -0.0977145 0 0.2660406 0.0008013
15.0816401 0.7240391 -0.1407873 0 0.0936684 0.0027933
15.0938168 0.6586709 -0.0214295 0 0.0985907 0.0009443
15.2386307 0.6359864 -0.0212301 1 0.1264476 0.0000000
14.6492068 0.6334018 -0.0054652 0 0.2248693 0.0000000
13.2372177 0.6549800 0.0213424 0 -1.0000000 0.0035088
14.0754804 0.6689218 0.0550981 0 0.9065732 0.0000000
14.0638953 0.7184236 0.0313866 0 0.6657670 0.0018657
14.3030121 0.7602782 0.0439817 0 0.4333702 0.0000000
14.1225238 0.7308909 -0.0521632 0 0.2849894 0.0032680
14.2971568 0.7372218 0.0126325 0 0.2304156 0.0000000
14.5552526 0.7545627 0.0327616 0 0.0896215 0.0000000
13.9351949 0.8079300 0.0842565 0 0.2036456 0.0000000
13.2420486 0.8767918 0.0139162 0 0.4960852 0.0000000
0.0000000 0.8746073 0.0380433 0 -1.0000000 0.0000000
13.1433594 0.8399536 -0.1532882 0 3.3491112 0.0000000
10.3492945 0.8878900 0.1806591 0 1.6143350 0.0000000
12.6818316 0.9001473 -0.1082045 0 1.1422973 0.0000000
12.5608793 0.7855082 -0.0693215 0 0.5813601 0.0000000
13.6876601 0.7882027 0.0861245 1 0.3566051 0.0000000
12.5070768 0.7966455 -0.1505873 0 0.5454295 0.0000000
11.4622741 0.7159845 0.0984636 0 1.0075195 0.0000000
11.6796849 0.9238291 0.1641055 0 0.2969828 0.0000000
12.6119343 0.8717318 -0.1572764 0 0.8608282 0.0000000
11.9411626 0.7498582 -0.1025345 0 1.0005171 0.0000000
12.0259587 0.7214255 0.0610432 0 1.2568832 0.0000000
11.7246359 0.7955436 0.0594698 0 1.3974116 0.0000000
10.9749855 0.7876445 -0.1033609 0 0.8918352 0.0000000
12.3317665 0.6925391 -0.0304281 0 0.5799781 0.0000000
12.0500561 0.7766755 0.1952400 0 0.1277217 0.0000000
11.1840741 0.9115473 0.0350085 0 0.6269468 0.0000000
12.2109856 0.8550182 -0.1070009 0 0.2100417 0.0000000
13.0368164 0.7377400 -0.1243545 0 0.0991137 0.0000000
13.4203457 0.7294164 0.0912891 0 0.0972283 0.0000000
13.7210471 0.7460155 -0.0074689 0 0.0936742 0.0000000
13.3749772 0.7071445 -0.0616222 0 0.1865422 0.0000000
13.1164037 0.7491309 0.1079418 0 0.2728920 0.0000000
13.7846523 0.8534027 0.0493323 0 0.1675156 0.0047059
13.6673945 0.7405118 -0.1391200 0 0.1288332 0.0000000
13.7044930 0.7514873 0.1489655 0 0.2117855 0.0000000
13.4598765 0.8979991 0.0279370 0 0.3264530 0.0016779
14.2472754 0.8651345 -0.0777642 0 0.1282266 0.0013423
14.3892586 0.8109036 -0.0305296 0 0.1125958 0.0000000
14.1966317 0.7011555 -0.1235509 0 0.2390243 0.0000000
13.2027316 0.6635382 0.0259725 0 0.4466723 0.0024876
13.6006489 0.7222518 0.0399337 0 0.4897435 0.0000000
14.2682186 0.7233355 -0.0065085 0 0.1791602 0.0000000
13.1460154 0.6952918 -0.0377865 0 0.6110975 0.0000000
13.8588602 0.6711055 -0.0536126 0 0.3422220 0.0000000
14.1432858 0.6488055 0.0170268 0 0.2001497 0.0028011
13.1326641 0.6430691 -0.0094555 0 0.3027797 0.0000000
14.6765579 0.6510545 0.0067605 1 0.1179622 0.0031480
14.5770484 0.6483064 0.0077219 0 0.0985273 0.0010858
14.7717637 0.6655927 0.0560392 0 0.1309363 0.0010953
14.7421005 0.7064291 0.0288941 0 0.1224476 0.0000000
13.3428201 0.7386136 0.0035717 0 0.1423097 0.0000000
13.5819568 0.7582100 0.0407597 0 -1.0000000 0.0000000
13.5399191 0.7519127 -0.0790335 0 0.4422505 0.0031546
13.4223598 0.6677482 -0.0574169 0 0.5995733 0.0000000
13.4383282 0.6960918 0.0903385 0 1.0039439 0.0000000
11.6082266 0.7480527 0.0430892 0 1.0371619 0.0000000
13.3958547 0.7479227 -0.0953118 0 2.5412362 0.0000000
12.3317665 0.7163109 0.0937345 0 2.9940867 0.0000000
9.2933019 0.8316391 0.0133624 0 0.0000000 0.0000000
0.0000000 0.7361655 -0.0882575 0 -1.0000000 0.0000000
9.0056505 0.8352800 0.2414455 0 0.2522574 0.0000000
13.4343599 0.8892427 -0.1121755 0 0.6339794 0.0000000
13.1926559 0.7544273 -0.1186500 0 0.2074684 0.0000000
13.2821956 0.7191655 0.0009228 0 0.2812635 0.0000000
13.4122485 0.7224464 -0.0203978 0 0.2181085 0.0000000
13.1901211 0.6675236 0.0187887 0 0.3106822 0.0000000
13.0515009 0.7624282 0.0976827 0 0.2239572 0.0000000
13.0573149 0.7992182 0.0001126 0 0.2245451 0.0000000
11.9759485 0.7249373 -0.1053564 0 0.5747588 0.0000000
13.3493348 0.7149491 0.0312184 1 0.2227301 0.0000000
13.5523637 0.7702182 0.0382861 0 0.1435230 0.0000000
13.6353918 0.7612518 -0.0693968 0 0.1206013 0.0033113
13.3449964 0.6851582 0.0122430 0 0.2099512 0.0000000
13.5505953 0.7847945 0.1234264 0 0.2418612 0.0000000
14.1779046 0.7641436 -0.1283955 0 0.1227787 0.0000000
14.1235223 0.7278518 -0.0186575 0 0.1490668 0.0017544
13.6189980 0.7635627 0.0710917 0 0.3094445 0.0000000
13.9279397 0.7058200 -0.1310736 0 0.2693774 0.0000000
14.2303787 0.6361000 0.0089406 0 0.1312948 0.0020408
13.9471711 0.7044691 0.1273464 0 0.2352157 0.0000000
13.6736739 0.7987973 0.0126844 0 0.3828851 0.0000000
13.2102222 0.7890073 -0.0077208 0 0.6570080 0.0000000
13.4061323 0.7518182 0.0022101 0 0.2307914 0.0000000
13.5145555 0.8226618 0.0527775 0 0.3123449 0.0000000
13.8068139 0.7763545 -0.1122627 0 0.2176063 0.0000000
13.8704958 0.7585064 0.0885625 0 0.1566049 0.0000000
14.1741167 0.9234855 0.0918545 0 0.1213441 0.0000000
14.3088333 0.8526545 -0.0966864 0 0.1023750 0.0017921
14.2231779 0.7814036 -0.0014742 0 0.1373871 0.0016260
13.6189980 0.7893209 -0.0816011 0 0.2315103 0.0000000
13.8743444 0.7045991 -0.0430363 0 0.2412149 0.0031153
14.0183836 0.7113545 0.1354091 0 0.1632833 0.0000000
14.2141034 0.8122836 -0.0485549 0 0.1045202 0.0017452
14.1863752 0.7633464 -0.0095644 0 0.1074456 0.0018450
14.6216931 0.8141645 -0.0010612 0 0.1090766 0.0014598
13.5488239 0.7918036 0.0046784 0 0.3229807 0.0000000
13.2002222 0.8542155 0.1799809 0 0.5533632 0.0000000
13.6861157 0.8262627 -0.1854918 0 0.5206980 0.0000000
13.5108790 0.6893445 -0.0840345 0 0.4152827 0.0000000
13.3362627 0.6598173 -0.0254844 0 0.5117841 0.0000000
13.2444553 0.6702991 0.0479687 0 0.2539901 0.0000000
13.0915062 0.7305673 0.0461397 0 0.3091161 0.0000000
12.1696006 0.7515636 -0.0379660 0 0.2033113 0.0000000
12.6818316 0.7392845 0.0964218 0 0.4524704 0.0000000
12.7550347 0.8470545 0.0539465 0 0.3171724 0.0000000
13.4847581 0.8081645 -0.0797171 0 0.1343954 0.0000000
13.8190672 0.7541291 -0.0778474 0 0.0959109 0.0000000
13.8404870 0.6944700 -0.0183682 0 0.1140449 0.0000000
13.6892022 0.6946591 0.0697724 1 0.1856515 0.0027027
13.5053388 0.8050364 0.0445799 0 0.3128329 0.0000000
12.8268991 0.7648409 -0.0086623 0 0.5571087 0.0000000
12.3842565 0.8174936 0.0652348 0 1.1089643 0.0000000
12.2571982 0.8669291 -0.0447250 0 0.6220366 0.0000000
12.9208810 0.7946136 -0.0390128 0 0.2627266 0.0000000
13.2587754 0.7627836 -0.0234208 0 0.1470429 0.0000000
12.7935009 0.7565327 -0.0161177 0 0.2328153 0.0000000
13.1721949 0.7176891 -0.0104907 0 0.1658438 0.0000000
13.6451006 0.6699936 -0.0696614 0 0.1417327 0.0000000
12.8592178 0.6619518 0.1406955 0 0.2437433 0.0000000
12.4177790 0.7435855 -0.0726132 0 0.6648310 0.0000000
11.3409146 0.7273227 0.0269314 0 1.2213833 0.0000000
13.5646553 0.6832536 -0.0877248 0 0.2564722 0.0000000
13.7504610 0.6617427 0.0274214 0 0.1431905 0.0000000
14.0161639 0.7356955 0.1003000 2 0.1136782 0.0000000
13.9753419 0.8379945 -0.0035720 0 0.1093804 0.0000000
14.0827835 0.7610664 0.0174081 0 0.1118359 0.0000000
13.5716119 0.8669036 0.1213909 0 0.2199337 0.0000000
13.2396361 0.8762673 -0.0725896 0 0.3955009 0.0000000
12.5656299 0.7759736 -0.0698046 0 0.6867422 0.0000000
12.1116136 0.7148636 -0.0687913 0 0.8528022 0.0000000
12.4341281 0.7149318 0.0320854 0 1.1931489 0.0000000
12.5220397 0.7918855 0.0829624 0 0.6120972 0.1927710
12.3495711 0.7254636 -0.1412009 0 0.5358474 1.0000000
10.9979747 0.6745245 0.0450798 0 1.3181100 0.0000000
10.6795272 0.7570464 0.0591497 0 0.0000000 0.0000000
0.0000000 0.7773000 -0.0849674 0 0.0000000 0.0000000
0.0000000 0.7136918 0.0222347 0 0.0000000 0.0000000
0.0000000 0.7146055 0.0062942 0 0.0000000 0.0000000
0.0000000 0.7586982 0.0597629 0 0.0000000 0.0000000
0.0000000 0.7290945 -0.1435682 0 -1.0000000 0.0000000
11.9673648 0.6297000 0.0088034 0 0.1599318 0.0000000
12.8341718 0.7357709 0.1113818 0 0.3316537 0.0037175
13.5182185 0.7560436 -0.0351130 0 0.1196518 0.0000000
13.5733435 0.7244573 -0.0318708 0 0.1039255 0.0000000
13.6610753 0.7177973 0.0455291 0 0.1214978 0.0028329
13.4501393 0.7934264 -0.0056836 0 0.1966460 0.0000000
13.9327824 0.7564500 -0.0410481 0 0.1123049 0.0000000
12.3197182 0.7167000 0.1257691 0 0.7168416 0.0000000
12.6518508 0.8618627 0.1382300 0 0.8124779 0.0000000
13.0970927 0.8976682 -0.1438491 0 0.4953426 0.0000000
13.6752376 0.7679618 -0.0887213 0 0.2077441 0.0000000
12.9820916 0.6938427 -0.0051832 1 0.2809621 0.0000000
11.6796849 0.7430400 0.0299337 0 1.2609040 0.0000000
11.8387483 0.7528382 -0.0364760 0 1.2369173 0.0000000
0.0000000 0.6609409 -0.0371312 0 -1.0000000 0.0000000
12.2889467 0.7023864 0.1259982 0 -1.0000000 0.0000000
11.7024130 0.7855009 -0.0005063 0 -1.0000000 0.0000000
11.4478855 0.7881518 -0.0135187 0 3.1144833 0.0000000
10.2095374 0.7534300 -0.0812288 0 2.9774138 0.0000000
11.5575833 0.7218809 0.0296902 0 2.2600139 0.0000000
11.7135862 0.6988236 -0.0700521 0 2.6552390 0.0000000
11.4622741 0.6698064 0.0208294 0 2.0663667 0.0000000
9.9218676 0.7351355 0.0688597 0 1.4759715 0.0000000
10.8247061 0.7502591 -0.0168320 0 1.4467734 0.0000000
11.1650262 0.7892818 0.0727310 0 -1.0000000 0.0000000
11.4904447 0.7965055 0.0187335 0 0.1445237 0.0000000
11.7884869 0.7976282 -0.0751170 0 0.1288244 0.0000000
12.1337546 0.7347573 -0.0037445 0 0.1110123 0.0068966
12.5936691 0.7674518 0.1013891 0 0.0864732 0.0000000
13.3118442 0.8135736 -0.0325651 0 0.1040520 0.0034965
13.4520944 0.7846955 -0.1009782 0 0.1047561 0.0000000
13.6531199 0.6922773 -0.0197158 0 0.1111549 0.0000000
13.7343905 0.7287936 0.1133964 0 0.1172494 0.0000000
13.6830198 0.8322636 0.0105565 0 0.1561247 0.0000000
13.9707016 0.8606300 0.0263575 0 0.1189629 0.0000000
13.8095498 0.7569764 -0.1445336 0 0.1463998 0.0000000
14.0807024 0.7845655 0.2073882 0 0.1078065 0.0000000
14.0585846 0.9142255 -0.0117942 0 0.1155574 0.0000000
14.1215243 0.7995836 -0.1604491 0 0.1714866 0.0000000
13.2250373 0.7694245 0.0941764 1 0.3393014 0.0000000
13.0279010 0.7690700 -0.1693991 0 0.4844271 0.0000000
13.6767989 0.6830973 0.0726874 0 0.2009151 0.0030121
13.3937865 0.8028236 0.0887524 0 0.2685434 0.0000000
13.7014534 0.7884555 -0.0919400 0 0.2141005 0.0053476
12.9599739 0.7171055 -0.0444158 0 0.5542372 0.0000000
13.9046115 0.7078736 0.0559645 0 0.1151162 0.0000000
14.1423068 0.7798055 0.0351974 0 0.1257294 0.0000000
13.6968768 0.7736836 -0.0096938 0 0.1885277 0.0023923
13.9194083 0.7390955 -0.0038461 0 0.1993096 0.0000000
13.7957945 0.7592273 -0.0197221 0 0.2466009 0.0000000
13.4343599 0.7979727 0.1031373 0 0.3555136 0.0000000
13.7762134 0.7475182 -0.1693255 0 0.3508519 0.0000000
12.8801975 0.6901118 0.0682428 0 0.4511072 0.0000000
14.0628354 0.8006255 0.0608909 0 0.3073861 0.0015060
14.4428827 0.7992455 -0.0429199 0 0.1074989 0.0000000
13.8883306 0.7493073 -0.0246760 0 0.2550577 0.0058480
12.5513099 0.7724791 0.1142818 1 0.7349456 0.0000000
12.9406185 0.8527473 0.0333383 0 0.5496556 0.0000000
13.8601598 0.8174273 -0.1028782 0 0.1838028 0.0000000
13.0368164 0.7814827 -0.0207115 0 0.3351564 0.0000000
12.8341718 0.7517673 -0.0582940 0 0.4471445 0.0000000
12.5269779 0.7366882 0.0492313 0 0.9462630 0.0077519
12.8767313 0.8084427 0.0796435 0 0.4735361 0.0000000
10.0470250 0.8665564 0.0568685 0 0.6089000 0.0000000
13.0128632 0.8235518 -0.1146518 0 1.0267380 0.0000000
12.7471607 0.8153273 0.0938136 0 0.5499790 0.0000000
12.2763680 0.8900745 0.0240019 0 0.1978227 0.0172414
11.9673648 0.8746864 -0.0385323 0 0.7490074 0.0000000
12.7744528 0.8338600 -0.0055616 0 0.1383898 0.0048544
13.2492515 0.7935673 -0.1572182 0 0.1392335 0.0000000
12.7312242 0.7225555 0.1049536 0 0.3985239 0.0000000
12.7821156 0.8329455 0.0155705 0 0.3029707 0.0000000
13.0219130 0.7590009 -0.1064545 0 0.2380591 0.0000000
12.7432003 0.7243727 0.0457135 1 0.1758394 0.0000000
13.0802385 0.7647400 -0.0196115 0 0.1050274 0.0000000
13.5182185 0.7119118 -0.0735297 0 0.0886424 0.0000000
13.4733512 0.6903873 0.0580347 0 0.0865972 0.0018051
14.0575190 0.7650118 0.0973736 0 0.0857342 0.0000000
14.0272137 0.7753509 -0.0708957 0 0.1522860 0.0000000
13.4520944 0.7198455 -0.0634553 0 0.3232344 0.0000000
13.3207928 0.7317555 0.0614835 0 0.4747093 0.0000000
12.9726724 0.7754264 0.0378729 0 0.4811354 0.0000000
13.3140889 0.7387218 -0.1122000 0 0.4315402 0.0000000
13.1218532 0.6766664 0.0155893 0 0.2451780 0.0000000
10.3048442 0.7890182 0.1893500 0 0.5519720 0.0000000
12.6818316 0.9348473 0.0177546 0 1.3325846 0.0033557
13.7576812 0.8333227 -0.1269800 0 0.1123683 0.0000000
12.3136392 0.7446327 -0.0321985 0 0.4178937 0.0000000
13.0368164 0.7676882 0.0601262 0 0.3511864 0.0036496
13.4714373 0.8114455 -0.0317285 0 0.2055591 0.0000000
13.1380261 0.7180655 -0.0460363 0 0.3548035 0.0000000
12.8521256 0.8181282 0.1894082 0 0.4402638 0.0000000
13.2444553 0.9132227 -0.0507439 0 0.2957277 0.0000000
13.3854704 0.7827782 -0.1352627 0 0.2012656 0.0000000
12.0340558 0.7640945 0.1131073 0 0.2302970 0.0000000
12.2310530 0.8561027 -0.0120581 0 0.7693768 0.0000000
13.4847581 0.7367364 -0.0952309 0 0.1527118 0.0045872
13.3050799 0.7826227 0.1662191 0 0.1480947 0.0000000
12.8939434 0.9342773 0.0266167 0 0.3128812 0.0000000
12.9208810 0.8511400 -0.1242536 0 0.2956297 0.0000000
13.0630952 0.7240227 -0.1159718 0 0.2886218 0.0000000
13.0998744 0.6581291 -0.0093392 0 0.1333881 0.0000000
12.6902349 0.7334491 0.1536645 11 0.3021039 0.0000000
13.2027316 0.8562355 0.0760129 0 0.1666272 0.0000000
13.1299724 0.7592364 -0.0828971 0 0.1162278 0.0000000
13.6515211 0.7682700 -0.0750692 0 0.1284131 0.0027624
13.7490106 0.7910836 0.0004467 0 0.1277354 0.0000000
13.8497158 0.7121700 -0.0530345 0 0.1360865 0.0000000
12.8084824 0.6911418 -0.0211770 0 0.4157863 0.0028329
13.6907418 0.6509045 -0.0016545 0 0.2118909 0.0000000
14.0489537 0.7138636 0.1187882 0 0.1291323 0.0000000
13.1353487 0.8083645 0.0512281 0 0.2571033 0.0000000
12.2244085 0.7413991 -0.1366927 0 0.7602459 0.0000000
10.8773488 0.7116218 -0.0320025 0 1.1860717 0.0000000
13.1926559 0.7222173 0.0922918 0 0.4584908 0.0000000
13.4559930 0.6965100 -0.1066109 0 0.2346961 0.0000000
12.6073992 0.6471591 0.0094967 0 0.6400360 0.0000000
13.0573149 0.6637709 0.0134506 0 0.2056098 0.0000000
12.8232428 0.6960418 0.1017800 0 0.3644833 0.0000000
12.4502142 0.8097000 0.0082272 0 0.5228222 0.0000000
11.9051229 0.7602245 -0.0332730 0 0.6873279 0.0000000
11.9233051 0.9057055 0.1009636 0 1.1607634 0.0000000
13.1054146 0.8101500 -0.0069625 0 0.3170282 0.0000000
13.4733512 0.8398018 -0.0283058 0 0.1054410 0.0000000
13.1406963 0.7781855 -0.0319822 3 0.1828010 0.0000000
13.2798781 0.8135173 0.1061709 0 0.2129277 0.0000000
13.6830198 0.8821273 -0.0123793 0 0.1241136 0.0086956
12.7109396 0.8658991 -0.0695602 0 0.1752903 0.0000000
13.0098283 0.8169245 0.0602330 0 0.3556978 0.0000000
12.9007462 0.8057455 -0.1697218 0 0.3164768 0.0000000
13.2052347 0.7345764 0.0260580 0 0.1569517 0.0063694
13.1191322 0.8354727 0.2237427 0 0.1403960 0.0000000
11.7884869 0.9103336 -0.1066718 0 0.5652294 0.4938270
11.5178434 0.8214673 -0.0177246 0 0.0967959 1.0000000
11.2027660 0.7696745 -0.0712390 0 0.0000000 1.0000000
0.0000000 0.7177209 -0.0876208 0 0.0000000 0.0000000
0.0000000 0.7246545 0.0412075 0 -1.0000000 0.0000000
13.0308817 0.8567145 0.2696436 0 0.0795644 0.0000000
13.0573149 0.9046864 -0.1659609 0 0.2068857 0.0000000
13.3163286 0.7534927 -0.1181973 0 0.1597193 0.0039216
13.4203457 0.6969764 0.0229825 0 0.1496244 0.0000000
12.9758220 0.7421900 0.0715057 0 0.1120587 0.0000000
13.2682094 0.7290718 -0.0860505 0 0.2829231 0.0000000
13.5218681 0.7418791 0.0310132 0 0.1976825 0.0000000
13.1433594 0.7567882 0.0174465 0 0.1235533 0.0000000
13.8244653 0.7438327 -0.0010447 0 0.1414323 0.0034247
13.5381286 0.7889691 -0.0102386 0 0.2468167 0.0000000
13.3579555 0.7530618 -0.0976809 0 0.1949894 0.0034602
13.2845077 0.6563818 0.0252028 0 0.2670024 0.0025000
13.6370165 0.7062600 0.1550300 0 0.2510004 0.0000000
13.3252373 0.8261127 -0.0004003 0 0.2026184 0.0066667
12.7312242 0.7760164 -0.0406342 0 0.5649535 0.0074349
13.4922911 0.8135936 0.0478897 0 0.3977445 0.0000000
13.0573149 0.7645555 -0.1057345 0 0.2155199 0.0000000
13.4020339 0.8201009 0.1639182 0 0.1439955 0.0000000
13.9483608 0.8695355 -0.0229095 0 0.1171548 0.0000000
13.9822624 0.8338973 -0.0234271 0 0.1444207 0.0034965
13.2444553 0.8106173 -0.0577414 0 0.4117732 0.0000000
13.8054431 0.7484145 -0.0353881 1 0.1851059 0.0000000
13.5200449 0.8329191 0.1664200 0 0.2462626 0.0000000
12.8121930 0.8740082 -0.0631385 0 0.4093775 0.0000000
13.1460154 0.8253627 -0.0391969 0 0.2938134 0.0000000
13.8883306 0.7927936 -0.0479048 0 0.1835311 0.0030675
13.6953466 0.7250655 -0.0252379 0 0.1282115 0.0000000
13.3118442 0.8047882 0.1878264 0 0.1864701 0.0038911
13.6073603 0.8671836 -0.1058873 0 0.1657775 0.0000000
13.9730244 0.8046027 -0.0149941 0 0.2853412 0.0000000
13.6579007 0.8271318 0.0417281 0 0.3277229 0.0000000
12.4867716 0.7878655 -0.1132545 0 0.6360369 0.0000000
11.1056036 0.7642036 0.1616000 0 1.2076806 0.0000000
11.3409146 0.8338082 -0.1185355 0 2.4613650 0.0000000
14.0261142 0.7985145 0.0294998 1 0.1991311 0.0012092
14.5243190 0.7435518 -0.1249755 0 0.1571107 0.0000000
14.5559005 0.6672255 0.0158620 0 0.1202836 0.0000000
14.3038458 0.7456264 0.0362253 0 0.2297764 0.0000000
14.0848604 0.7811945 0.0454251 0 0.2471611 0.0021459
14.0272137 0.7672955 -0.0370696 0 0.2651184 0.0011468
14.5706870 0.7046545 -0.0382603 0 0.1133591 0.0000000
14.7527958 0.6762800 -0.0457385 0 0.1163196 0.0000000
14.5533065 0.6451264 -0.0282592 0 0.2581328 0.0000000
13.0189055 0.6646418 0.0982900 0 0.2458012 0.0000000
13.2372177 0.7706355 0.0824080 0 1.1620844 0.0000000
13.2705540 0.7692082 -0.0618068 0 0.5359368 0.0000000
11.7781242 0.7142973 -0.0421874 0 0.8387204 0.0000000
8.8233535 0.7139991 0.0642584 0 -1.0000000 0.0000000
0.0000000 0.8167464 0.1075118 0 -1.0000000 0.0000000
0.0000000 0.7863900 -0.1604791 0 -1.0000000 0.0416667
0.0000000 0.8180673 0.1719364 0 -1.0000000 0.0000000
0.0000000 0.9225609 -0.0282851 0 -1.0000000 0.0000000
0.0000000 0.8130773 -0.0821671 0 -1.0000000 0.0000000
0.0000000 0.7268355 -0.0803424 0 -1.0000000 0.0000000
0.0000000 0.6896445 -0.0201469 0 -1.0000000 0.0000000
0.0000000 0.7145773 0.0758201 1 -1.0000000 0.0000000
0.0000000 0.7922836 0.0545668 0 -1.0000000 0.0000000
0.0000000 0.7315373 -0.1486991 0 -1.0000000 0.0000000
0.0000000 0.6534218 0.0443220 0 -1.0000000 0.0000000
0.0000000 0.7499591 0.1079709 0 -1.0000000 0.0000000
0.0000000 0.7811964 -0.0623049 0 -1.0000000 0.0000000
0.0000000 0.6866355 -0.0845387 0 -1.0000000 0.0000000
13.3958547 0.6630782 0.0135953 0 13.9409889 0.0000000
10.1041810 0.7449691 0.1525973 0 12.4687333 0.0000000
0.0000000 0.8332682 -0.0585985 0 -1.0000000 0.0000000
0.0000000 0.7494164 0.0680006 0 -1.0000000 0.0204082
11.5704866 0.8959336 0.0480635 0 2.7032340 0.0000000
11.8677357 0.8188164 -0.1382245 0 2.8550200 0.0000000
12.0095649 0.7240936 -0.0093747 0 1.3572500 0.0000000
11.3726629 0.7550964 0.0012953 0 -1.0000000 0.0000000
11.5958041 0.7965055 0.0393791 0 0.1363440 0.0000000
12.1041230 0.6933618 -0.1657182 0 0.0998999 0.0000000
12.4712675 0.7171655 0.1967736 0 0.1184002 0.0071429
12.7027091 0.8016936 -0.0482084 0 0.1433391 0.0000000
12.5464907 0.7245718 -0.0768911 0 0.1949258 0.0000000
12.8010197 0.6632564 -0.0031853 1 0.1365009 0.0000000
13.1875798 0.7310164 0.1332945 0 0.0848061 0.0000000
13.4904132 0.8457845 -0.0049211 0 0.0844942 0.0084034
13.9879930 0.7533855 -0.0585055 0 0.0843939 0.0000000
13.7090350 0.8299291 0.1386064 0 0.1134632 0.0030030
13.5145555 0.8706609 -0.1056345 0 0.2825699 0.0019268
14.0920955 0.7657618 -0.0863328 0 0.1719693 0.0013477
14.3823488 0.7252791 0.0347287 0 0.0927858 0.0000000
13.5767977 0.7925945 0.0715315 0 0.1300577 0.0000000
14.2904227 0.7807318 -0.0303850 0 0.2519534 0.0000000
14.4112042 0.6850536 -0.0592175 0 0.1349929 0.0000000
13.3812863 0.8178564 0.0634966 0 0.4016660 0.0000000
11.9233051 0.8470209 0.0117036 0 1.3753762 0.0000000
13.0308817 0.7797518 0.0001080 0 0.3456746 0.0021277
14.1265119 0.8120964 0.0703703 0 0.1479333 0.0000000
13.8536451 0.8121500 -0.1515100 0 0.2302258 0.0015198
14.2988332 0.7238673 0.1160718 0 0.1216198 0.0000000
14.4051982 0.8357900 0.0023979 0 0.1005959 0.0000000
14.0403143 0.7961055 -0.0793930 0 0.1452661 0.0000000
13.6984047 0.7529027 0.0528292 0 0.3899570 0.0000000
14.0670682 0.8060264 -0.0777870 1 0.1961435 0.0000000
13.9788081 0.6661418 -0.0745415 0 0.1419857 0.0018416
14.1084391 0.6542655 0.0594917 0 0.1818818 0.0015106
14.3277250 0.7627636 0.0624383 0 0.1117564 0.0000000
13.8807260 0.7715545 -0.0141920 0 0.1291178 0.0000000
14.3005069 0.7578309 0.0247559 0 0.1891321 0.0000000
14.1703145 0.7888773 0.0498914 0 0.1683687 0.0016978
13.8298345 0.7785591 -0.1036364 0 0.1868898 0.0014837
14.4282733 0.8165982 0.2194200 0 0.1091518 0.0000000
14.3636857 0.8823891 -0.1008236 0 0.1416108 0.0000000
13.8365056 0.8060336 -0.0601353 0 0.2463183 0.0000000
12.8732531 0.8002045 0.0350556 0 1.0602515 0.0000000
13.8418107 0.7857991 -0.0356167 0 0.4660785 0.0038314
12.4122694 0.7016927 -0.0834322 0 0.3869228 0.0000000
12.0889713 0.7637309 0.1589136 0 0.3105761 0.0000000
12.8592178 0.9103800 0.0358565 0 0.7634031 0.0061350
12.9373558 0.8551500 -0.0797225 0 0.4122270 0.0000000
12.4816303 0.8173282 -0.0211471 0 0.4832895 0.0068493
13.4142790 0.7672600 -0.0924427 0 0.3457985 0.0000000
12.5608793 0.7349391 0.1082082 0 0.2324673 0.0000000
12.9758220 0.7830582 -0.0694088 0 0.3020490 0.0000000
13.0189055 0.7160245 -0.0277925 0 0.2240865 0.0000000
13.3163286 0.7611609 0.0980955 0 0.1489859 0.0000000
13.5273177 0.8496236 0.0648505 0 0.1232419 0.0000000
13.2225833 0.7361182 -0.1694064 0 0.1497664 0.0000000
12.9883221 0.7671373 0.1380427 0 0.3150017 0.0000000
13.1406963 0.8597618 -0.0343384 0 0.2565808 0.0000000
13.6736739 0.8199709 -0.0998755 0 0.1359881 0.0000000
13.5802400 0.7418664 0.0635549 0 0.1458271 0.0023095
14.0931249 0.7631400 -0.0122508 0 0.1176603 0.0037037
13.1591908 0.7217809 -0.0571845 0 0.3151884 0.0000000
13.7930205 0.6573273 -0.0557732 0 0.1935787 0.0056497
13.2937032 0.7112564 0.1449436 0 0.2500801 0.0000000
12.8973506 0.8074664 -0.0284641 0 0.7290754 0.0000000
12.8592178 0.7810600 0.0795352 0 0.3700935 0.0000000
14.0468008 0.7458227 -0.1783773 21 0.1172053 0.0000000
14.2312751 0.7454545 0.0835461 0 0.1151204 0.0016639
14.2904227 0.7732500 0.0217982 0 0.1173188 0.0016051
14.3946001 0.7838091 -0.0112872 0 0.0936924 0.0040269
14.2971568 0.7112155 -0.1099136 0 0.1161856 0.0015601
14.3542219 0.6727645 0.0578099 0 0.1842589 0.0012658
14.5395763 0.7847636 0.1693627 0 0.1109884 0.0000000
14.0139392 0.8176636 -0.0892391 3 0.2639865 0.0000000
13.5733435 0.7086509 -0.1366555 0 0.4804808 0.0042918
13.4081752 0.6840627 0.0493584 0 0.5267497 0.5697670
13.1618052 0.7744055 0.1219273 2 0.3997126 1.0000000
0.0000000 0.7315518 -0.1548100 0 0.0000000 0.0000000
0.0000000 0.7008355 0.1057236 0 0.0000000 1.0000000
0.0000000 0.7748364 -0.0396730 0 0.0000000 0.0000000
0.0000000 0.7192027 -0.0540443 0 0.0000000 0.0000000
0.0000000 0.6439218 -0.0518129 0 0.0000000 0.0000000
0.0000000 0.6562855 0.0419598 0 0.0000000 0.0000000
0.0000000 0.7049109 0.0766756 0 0.0000000 0.0000000
0.0000000 0.7484173 0.0213821 0 -1.0000000 0.8035710
12.2951772 0.7026218 -0.1102673 0 0.5227202 1.0000000
10.7691374 0.7080964 0.1339909 0 0.0000000 1.0000000
0.0000000 0.7300245 -0.0764414 0 0.0000000 0.0000000
0.0000000 0.6856336 -0.0583304 0 0.0000000 0.0000000
0.0000000 0.6490145 -0.0221268 0 -1.0000000 0.0000000
8.3126260 0.6368064 -0.0131051 0 -1.0000000 0.0000000
11.8772143 0.6337345 0.0096895 0 0.2405806 0.0000000
11.1650262 0.6481355 0.0713338 1 0.2837752 0.0000000
9.9864031 0.7284618 0.0469485 0 1.5196703 0.0000000
10.6477793 0.7489609 -0.0930673 0 2.3112195 0.0000000
10.3492945 0.6767518 0.0501020 0 2.3761500 0.0000000
10.2583258 0.8277100 0.1138427 0 1.5500205 0.0000000
11.1258060 0.7521936 -0.1643200 0 0.4003318 0.0000000
11.4622741 0.6481027 0.0272886 0 0.5427512 0.0000000
11.5312662 0.7020291 0.0534580 0 0.2547149 0.0000000
10.3492945 0.7823382 0.1225345 3 1.4696240 0.0000000
9.8528782 0.7881300 -0.1940336 0 1.2095668 0.0000000
10.7102982 0.7592227 0.1545273 0 0.9811416 0.0000000
10.2583258 0.8637936 0.0031294 0 1.4666680 0.0000000
10.3048442 0.8340600 -0.0192108 0 0.3699163 0.0000000
11.3726629 0.7620245 -0.0902795 0 0.2709973 0.0000000
11.1840741 0.7039018 -0.0293748 0 0.4574540 0.0000000
11.1258060 0.7028300 0.0358776 0 0.3288839 0.0000000
11.5575833 0.7299118 -0.0232287 0 0.4357782 0.4324320
11.0204472 0.7418218 -0.0111332 0 0.2159707 1.0000000
8.3126260 0.7228809 0.0891451 0 0.7202880 0.0000000
0.0000000 0.6854545 -0.1450827 0 -1.0000000 0.0000000
10.4718932 0.6269655 -0.0180175 0 0.1475131 0.0000000
12.0012662 0.6942882 0.1193227 0 0.1832572 0.0000000
12.4918867 0.7712373 -0.0525376 0 0.1170017 0.0000000
12.9142143 0.6473800 -0.0271605 0 0.1174276 0.0000000
13.1696076 0.6900427 0.1168755 0 0.1153799 0.0000000
13.1773495 0.7789273 -0.0560025 0 0.1286862 0.0096154
13.1875798 0.6777918 -0.0868826 0 0.1436737 0.0000000
13.0397706 0.6124664 -0.0139487 0 0.1875261 0.0000000
13.1747755 0.6006336 -0.0209952 0 0.1508364 0.0000000
12.7312242 0.6292609 0.0763323 1 0.2797762 0.0000000
13.0573149 0.6527909 -0.0544016 0 0.3108180 0.0000000
12.3013692 0.6185373 0.0076636 0 1.0028247 0.0000000
11.3081251 0.6340100 0.0383125 0 0.9539445 0.0000000
12.2636290 0.6448682 0.0207202 0 0.1393742 0.0000000
12.7782915 0.6933900 0.0828098 0 0.1477510 0.0000000
12.1554160 0.8330245 0.1228209 0 0.1543569 0.0000000
12.8232428 0.8078509 -0.1558009 0 0.2146020 0.0000000
13.2635035 0.7676500 0.1356364 0 0.1253276 0.0238095
12.0095649 0.9306309 0.0599709 0 0.3855640 0.0000000
0.0000000 0.9130182 -0.0348249 0 -1.0000000 0.0000000
11.6445939 0.8466664 -0.0785131 0 1.5964215 0.0000000
12.0259587 0.7917727 -0.0421759 0 0.4728415 0.0000000
12.2310530 0.8399164 -0.0259475 0 0.4504850 0.0000000
12.0813084 0.7584991 -0.0115114 0 0.7509168 0.0000000
12.4555192 0.8197518 0.1117727 0 0.3538144 0.0000000
11.7246359 0.9176564 0.0308634 0 0.3654815 0.0000000
12.6605089 0.7824982 -0.1522782 0 0.1635123 0.0000000
12.6518508 0.7429745 0.0639025 0 0.1340913 0.0000000
12.8662601 0.7674609 -0.1133527 0 0.1832445 0.0039683
13.3579555 0.6729409 0.1225818 0 0.1248000 0.0033223
13.3833806 0.8225336 -0.0272401 0 0.0980291 0.0000000
13.4885317 0.6913227 -0.1393882 0 0.1899654 0.0000000
13.3274521 0.6233709 0.0335211 0 0.2067420 0.0039841
13.4223598 0.7441755 0.1689300 0 0.2029380 0.0000000
13.5716119 0.7601209 -0.1770545 2 0.1070398 0.0000000
13.6721077 0.7260627 0.0873219 0 0.1297655 0.0018727
14.1994108 0.7692782 -0.0312975 0 0.1184352 0.0000000
14.2543053 0.6687709 -0.0778800 0 0.1821056 0.0015848
14.3080038 0.6336518 -0.0148902 0 0.1270336 0.0038911
13.8523371 0.6345009 0.0443777 0 0.3464866 0.0000000
13.2127067 0.6580300 0.0040681 0 0.2447347 0.0000000
13.4102139 0.7059327 0.0876830 0 0.4355666 0.0036765
13.7762134 0.7561373 -0.0129273 0 0.2718949 0.7702700
12.1835867 0.7495809 -0.0385077 0 0.2528553 1.0000000
0.0000000 0.6937482 -0.0228116 0 0.0000000 0.1296300
0.0000000 0.6587155 -0.0192003 1 -1.0000000 0.0000000
12.8232428 0.7217791 0.0455571 1 0.1334252 0.0000000
13.4559930 0.7652936 0.0549140 0 0.1368369 0.0000000
12.6648099 0.7482718 -0.0229103 0 0.2783885 0.0000000
11.9233051 0.7640418 0.0373477 1 0.5536867 0.0000000
11.5042378 0.7626118 -0.0170596 0 1.2547260 0.0000000
11.8772143 0.7312827 -0.0627648 0 1.2188855 0.0000000
12.0735864 0.6896791 0.0190591 0 0.8767229 0.0000000
12.4918867 0.7233082 0.1618636 0 0.6108778 0.0112360
12.5269779 0.9025791 -0.0163833 0 0.3241051 0.0000000
12.4660456 0.7706209 -0.1619100 0 0.1812270 0.0000000
12.3842565 0.7059318 0.0351880 0 0.2375626 0.0000000
11.4764586 0.7840645 0.0890199 0 0.6838278 0.0000000
11.1650262 0.7183091 -0.1630109 0 0.3940057 0.0000000
12.2244085 0.7410573 0.1770373 0 0.6938310 0.0000000
11.0424257 0.7763009 -0.1165800 0 0.8943823 0.0000000
12.6028434 0.6745300 -0.0784906 0 0.1930321 0.0000000
12.3257605 0.7089300 0.1360336 0 0.2215991 0.0000000
12.4867716 0.7937682 -0.0426515 0 0.1485273 0.0000000
12.9789617 0.6945755 -0.0479902 0 0.1358621 0.0000000
13.3917139 0.7008182 0.0410104 0 0.0911124 0.0046296
13.1026483 0.7226800 -0.0348730 0 0.1078536 0.0000000
13.6922791 0.6714609 -0.0699752 0 0.1558743 0.0000000
13.6206495 0.6137209 -0.0090791 0 0.1408031 0.0032362
13.6418748 0.6607064 0.0728395 1 0.1613958 0.0000000
13.4263759 0.7410300 0.0484326 0 0.1543882 0.0056180
13.7329167 0.7400309 -0.0661473 0 0.1304171 0.0000000
13.6783578 0.6797318 0.0707207 0 0.1353277 0.0000000
13.3471679 0.7461655 0.0302120 0 0.1875598 0.0027933
13.6984047 0.7338091 -0.0646401 0 0.1875295 0.0000000
14.0228084 0.7186255 0.0416683 0 0.1045376 0.0000000
13.9435933 0.7527055 -0.0089819 0 0.1181436 0.0000000
14.2586741 0.6889245 -0.0807370 0 0.0986743 0.0000000
13.8832673 0.6449582 0.0317216 0 0.1394674 0.0000000
13.3095945 0.7458427 0.0321154 0 0.5378144 0.0000000
11.5445113 0.7311173 -0.0086702 0 0.9022919 0.0028249
13.6892022 0.6729891 -0.0582444 0 0.2474567 0.0000000
13.2077316 0.6958164 0.0348315 0 0.3365970 0.0024631
13.8819975 0.7678500 0.1345991 0 0.2104727 0.0000000
13.5327377 0.7324055 -0.1611964 0 0.1462061 0.0022727
13.5681396 0.7085527 0.1273018 0 0.1021179 0.0000000
13.9495492 0.7674518 -0.0021609 0 0.1608047 0.0000000
13.6321344 0.7023800 -0.1059000 0 0.1410838 0.0025381
14.0072353 0.7702036 0.1384364 1 0.1426955 0.0000000
13.8497158 0.7415645 -0.1463491 0 0.1885888 0.0000000
13.9181836 0.6820327 0.0159261 0 0.1233365 0.0016807
14.1255163 0.8190236 0.2280382 0 0.1246831 0.0024155
14.0890012 0.9039173 -0.1497364 0 0.1540248 0.0000000
13.8653411 0.7529745 -0.0472427 0 0.1528302 0.0068966
13.2982694 0.6646055 -0.0857465 0 0.3759204 0.0000000
14.0691779 0.6843464 0.0888847 0 0.1285805 0.0000000
13.7691262 0.7548900 0.0640271 0 0.2412750 0.0000000
13.5836706 0.7529200 -0.0633530 0 0.3847429 0.0000000
13.2077316 0.6431836 -0.0816075 0 0.3671916 0.0000000
11.5704866 0.7195609 0.1152809 0 1.1826991 0.0000000
14.0381428 0.7803009 0.0102318 0 0.5050215 0.0000000
11.9759485 0.7292573 -0.1085273 0 0.2585582 0.0000000
13.0544121 0.6585527 -0.0096530 0 0.4782337 0.0000000
13.9033685 0.6433336 -0.0297795 0 0.1022866 0.0000000
13.3028149 0.6391136 0.0197732 0 0.4024379 0.0000000
13.7120516 0.6635782 0.0102508 0 0.2908234 0.0056980
13.9447873 0.6572900 -0.0054046 0 0.2237457 0.0000000
13.7105444 0.6988391 0.0977364 1 0.1747071 0.0027855
13.9695381 0.7530527 0.0450752 0 0.1334589 0.0000000
14.0250135 0.7812791 -0.0391034 0 0.1775004 0.0000000
13.5182185 0.7194891 -0.0464219 0 0.2888535 0.0000000
14.1863752 0.7725864 0.1466100 0 0.1207342 0.0000000
14.2870386 0.8842809 0.0482421 0 0.0996457 0.0000000
14.0424812 0.8360491 -0.1119791 0 0.1647862 0.0000000
13.7475582 0.7729000 -0.0223235 0 0.3199035 0.0033113
13.1747755 0.7673145 0.0341980 0 0.8426592 0.0000000
13.6953466 0.8391291 0.0584131 0 0.3562885 0.0000000
13.6418748 0.7941845 -0.1602718 0 0.3139919 0.0000000
11.5958041 0.7288973 0.1145718 0 0.7129028 0.0000000
12.7935009 0.8749927 0.0657705 0 1.6673022 0.0000000
12.9007462 0.8675027 -0.0061956 0 0.4621414 0.0038760
13.6305018 0.7977745 -0.0771132 0 0.1512351 0.0000000
12.9241978 0.7982618 0.0788299 0 0.1296061 0.0036232
13.5750721 0.8128309 -0.1511936 0 0.1725600 0.0000000
13.2372177 0.7719955 0.0899067 0 0.2830457 0.0000000
13.6626589 0.8573045 0.0715265 0 0.2209983 0.0042735
13.4481805 0.8378582 -0.0765360 0 0.2138114 0.0034965
13.4922911 0.7843645 -0.0585091 0 0.1344155 0.0000000
13.7832508 0.7959245 0.0848561 0 0.1272636 0.0000000
12.1554160 0.7805291 -0.0355225 0 0.4889592 0.0061350
12.7972674 0.7051227 -0.1087745 0 0.5122435 0.0000000
13.2250373 0.7557573 0.1752864 0 0.3641624 0.0120482
12.3554362 0.8617273 0.0415330 0 0.5103756 0.0000000
12.0500561 0.8898027 -0.0435847 0 0.8965553 0.0000000
12.7027091 0.8312018 -0.0249229 0 -1.0000000 0.0000000
11.6204965 0.7760955 -0.1239482 0 0.6634163 0.0000000
11.9928980 0.7130227 -0.0078041 0 0.9803881 0.0000000
11.5832255 0.7801073 0.1425864 0 0.9289360 0.0000000
11.9844592 0.8572345 -0.0726634 0 0.6145897 0.0000000
12.3612671 0.8251782 0.0694861 0 0.4897383 0.0000000
12.4918867 0.8638436 0.0076009 0 0.1940622 0.0000000
11.8189459 0.9082591 0.0779547 0 0.2243268 0.0000000
11.8772143 0.8710491 -0.1038245 0 0.3726567 0.0000000
12.6387216 0.7551145 -0.1032436 0 0.1556555 0.0000000
12.4712675 0.7063564 -0.0312196 0 0.2078221 0.0000000
12.2571982 0.6850291 0.0214655 0 0.2562620 0.0000000
12.0735864 0.8058055 0.1524145 0 0.2311961 0.0000000
11.7135862 0.8143100 -0.1647582 2 0.4471162 0.0000000
11.1650262 0.8024664 0.2437818 0 0.9842588 0.0000000
11.8772143 0.9352055 -0.0792422 0 0.7560492 0.0000000
11.3409146 0.7786064 -0.1574655 0 0.4386801 0.0000000
11.2913182 0.6764718 -0.0548485 0 1.2081573 0.0000000
11.8288961 0.7294291 0.1619073 0 0.3853489 0.0000000
12.6254176 0.8182973 0.0105186 0 0.1143836 0.0000000
11.3569147 0.7819564 -0.0334038 1 0.4212621 0.0000000
12.0340558 0.8148945 0.0232038 0 0.5447808 0.0000000
11.0424257 0.8450436 0.0594970 0 0.5379292 0.9259260
9.8528782 0.8536818 -0.0602997 0 1.1044346 1.0000000
7.2145044 0.7978118 -0.0335695 0 0.0000000 1.0000000
0.0000000 0.8482582 0.0620684 0 0.0000000 0.0000000
0.0000000 0.8285464 -0.0525580 0 0.0000000 0.0000000
0.0000000 0.7685364 -0.0575475 0 -1.0000000 0.0000000
7.2145044 0.7197400 -0.0320425 0 0.1804150 0.0000000
9.5164270 0.7303018 0.0885867 0 0.9386382 0.0000000
10.1041810 0.8518636 0.0813479 0 1.1705363 0.0000000
10.5810895 0.8797909 -0.0656794 1 1.4811154 0.0000000
8.6002467 0.7587627 -0.0973373 0 2.3845550 0.0000000
10.0470250 0.6853682 -0.0808170 0 1.6703733 0.0000000
10.1041810 0.6728655 0.0187775 0 -1.0000000 0.0000000
9.8528782 0.6587145 0.0338381 0 4.4300600 0.0000000
8.8233535 0.7274809 0.0748021 0 4.4575650 0.0000000
9.7787743 0.8457809 0.0528615 1 5.2893967 0.0000000
9.6987363 0.7376227 -0.0963245 0 6.4124383 0.0000000
9.1597836 0.7366736 0.0632226 0 6.7607800 0.0000000
8.3126260 0.9303782 0.1274618 0 7.7000300 0.0000000
9.7787743 0.8806545 -0.0354724 0 8.5569483 0.0000000
10.3048442 0.7850182 -0.1235309 0 6.9057500 0.0000000
10.3492945 0.7801055 0.1368173 0 4.3810150 0.0000000
11.9233051 0.8969691 0.0351390 0 0.1150605 0.0169492
11.3081251 0.8548145 -0.1600655 0 0.4602713 0.0000000
11.7781242 0.7185527 -0.0538487 0 0.3022925 0.0000000
9.5164270 0.6466445 -0.0651019 0 0.9726304 0.0000000
10.8247061 0.6281482 -0.0162855 0 1.9578733 0.0000000
11.6445939 0.6212464 0.0214184 0 0.7063025 0.0000000
9.2933019 0.7417664 0.1765918 0 0.4848045 0.0000000
10.2095374 0.7498445 -0.1430864 0 1.0793102 0.0000000
10.7401505 0.6967345 0.0947927 0 1.2545712 0.0000000
10.5810895 0.7965873 -0.0193135 0 0.7847480 0.0000000
10.6477793 0.6827191 -0.0993909 0 1.0611199 0.0000000
10.3492945 0.6691582 0.0244063 1 1.3014800 0.0000000
10.9273583 0.7589764 0.1473500 0 0.5919311 0.0000000
11.0639316 0.8692336 0.0526406 3 0.4800593 0.0000000
9.8528782 0.8539964 -0.0773946 0 1.8785140 0.0000000
7.9072836 0.7951545 -0.0012630 0 6.2298600 0.0000000
7.2145044 0.8413136 0.1415345 0 -1.0000000 0.0000000
9.0056505 0.8957345 -0.0440365 0 6.6510867 0.0000000
9.1597836 0.8431173 -0.0720438 0 5.9743171 0.0000000
7.2145044 0.7996891 -0.0556938 0 2.0597800 0.0000000
9.0056505 0.7846955 0.0404693 0 1.6588017 0.0000000
9.1597836 0.8298509 0.0105327 0 0.7721374 0.0000000
8.8233535 0.8635555 0.0497237 0 0.0000000 0.8974360
0.0000000 0.8340836 -0.0503934 0 0.0000000 0.0000000
0.0000000 0.8219891 0.0089874 0 -1.0000000 0.0000000
11.3881669 0.8332500 -0.0000747 0 0.0895005 0.0000000
12.3377367 0.8279473 -0.0112538 0 0.0941305 0.0000000
12.6776032 0.7676345 -0.0629962 0 0.1373473 0.0000000
12.8413921 0.7764591 0.0389605 0 0.1145272 0.0058140
13.1951844 0.8489018 0.1084045 0 0.0954310 0.0000000
12.9535636 0.8619655 -0.0463815 0 0.1823708 0.0000000
11.8189459 0.8377036 0.0125906 0 0.5241461 0.0222222
12.8627451 0.7886855 -0.1121336 0 0.1487934 0.0000000
13.3118442 0.7980745 0.0409681 0 0.1771850 0.0000000
13.4656736 0.8338300 0.0759052 0 0.1889502 0.0000000
10.1041810 0.8776155 -0.0621232 0 0.6258785 0.0000000
12.2109856 0.8299891 0.0023139 0 0.9853808 0.0000000
12.5070768 0.8919336 0.1357764 0 0.3008741 0.0000000
12.0813084 0.9016345 -0.1026000 0 0.4621924 0.0000000
10.8773488 0.8373118 -0.0037876 0 1.0489918 0.0000000
10.7401505 0.8434900 0.0132065 0 1.6350867 0.0000000
13.0037307 0.8785455 0.0501897 0 0.1753975 0.0000000
13.1901211 0.8617536 -0.0585120 0 0.1099875 0.0000000
13.0158889 0.7884673 -0.0468638 0 0.2547975 0.0078125
13.2201233 0.8876182 0.0859479 0 0.1224251 0.0000000
12.5890501 0.8743545 -0.0587483 0 0.6114002 0.0000000
12.3436714 0.8117018 -0.0449385 0 0.1776235 0.0000000
11.9759485 0.8084309 0.0317713 0 1.0433419 0.0000000
12.9789617 0.7981200 0.0827591 0 0.6217636 0.0000000
13.5921957 0.8773427 -0.0175737 0 0.2094703 0.0000000
13.2052347 0.8142845 -0.1163745 0 0.2123475 0.0000000
11.9411626 0.7696355 0.0140045 0 0.8850940 0.0000000
12.0420879 0.8857455 0.1087345 0 1.6132880 0.0000000
12.7667307 0.8478264 -0.0923509 0 0.5778957 0.0000000
12.4122694 0.7835782 0.0160096 0 0.5268256 0.0000000
12.0579612 0.8340800 0.1063945 1 1.2978165 0.0000000
13.4081752 0.8370045 -0.1167927 0 0.4179464 0.0037175
13.2176572 0.8149509 0.0800626 0 0.2236993 0.0000000
13.2564029 0.9222636 0.0335222 0 0.3004347 0.0040816
13.5819568 0.8420018 -0.0768774 0 0.1526554 0.0000000
12.9631636 0.8326036 0.0136291 0 0.3554396 0.0000000
13.3340673 0.8225645 -0.0798808 0 0.2409191 0.0000000
12.1482475 0.7352682 -0.0473075 0 0.8842842 0.0000000
12.1696006 0.8226227 0.1823500 0 1.4858427 0.0032258
13.4598765 0.8792945 -0.0605393 0 0.1625189 0.0051814
13.5663990 0.8553982 0.0229442 0 0.1380593 0.0000000
10.3048442 0.8268109 -0.0987900 0 1.2351275 0.0000000
13.3833806 0.7667018 0.0904130 0 0.3882649 0.0000000
12.2951772 0.8767718 -0.0017305 0 0.2854986 0.0000000
12.9406185 0.8363255 -0.0845275 0 0.3667992 0.0000000
13.2682094 0.7914518 0.0418130 0 0.1718708 0.0000000
13.6721077 0.8447436 0.0605949 1 0.1129712 0.0047847
12.9007462 0.8720827 -0.0710816 0 0.3498482 0.0000000
12.6298720 0.8212073 0.1282564 0 0.3028188 0.0000000
12.5844098 0.9150509 -0.0941073 0 0.7979569 0.0000000
12.8836518 0.7949445 -0.0965955 0 0.5266408 0.0000000
13.7090350 0.7315355 -0.0047551 0 0.1295370 0.0029325
13.5218681 0.7742464 0.0427355 0 0.1665940 0.0040816
13.5646553 0.8071282 0.0280055 2 0.2112399 0.0000000
13.5819568 0.8332727 -0.0071675 0 0.2706076 0.0000000
13.9845586 0.8028736 -0.0423879 0 0.0848727 0.0000000
13.0573149 0.7894245 0.0184811 0 0.2170503 0.0000000
12.6431172 0.8229609 0.0499128 0 0.3526871 0.0000000
13.4142790 0.8491891 -0.0127294 0 0.2789064 0.0000000
13.4675985 0.8202182 -0.0343218 0 0.1582188 0.0086956
12.4448809 0.7823464 -0.0097153 0 0.7487341 1.0000000
12.4969758 0.7792473 0.0339855 0 0.5848057 1.0000000
10.9026662 0.7996527 0.0046283 0 1.1513090 1.0000000
8.8233535 0.7469036 -0.1016818 0 0.0000000 0.0000000
0.0000000 0.7074091 -0.0009567 0 0.0000000 0.0000000
0.0000000 0.7634027 0.1148336 0 -1.0000000 0.0000000
9.0056505 0.8209891 -0.0069472 0 0.0695290 0.0000000
11.9928980 0.7885209 -0.0291995 0 0.1370444 0.0000000
11.2742240 0.7254773 -0.0671677 0 1.1361744 0.0000000
10.6795272 0.7704745 0.1160082 0 2.3529583 0.0000000
12.0579612 0.8179664 -0.0440307 0 1.3726078 0.0000000
12.0965758 0.7389609 -0.0805582 0 1.5521906 0.0000000
11.4764586 0.7024755 -0.0259010 0 0.9052790 0.0000000
12.7150295 0.7156600 0.0867864 1 1.1180329 0.0000000
12.4502142 0.8090391 0.0474016 0 0.5514124 0.0000000
11.9322738 0.7624082 -0.0615769 2 0.8684329 0.0322581
10.2583258 0.7936973 0.0750084 0 1.7706767 0.0000000
9.7787743 0.8097545 -0.0558206 0 2.7785125 0.0000000
11.3569147 0.7607609 0.0301838 1 3.2630057 0.0000000
11.3081251 0.8437509 0.0561386 0 1.7844920 0.0000000
12.0813084 0.8712764 0.0744310 0 0.2031108 0.0000000
12.1482475 0.8607964 -0.1640327 0 0.9435120 0.0000000
9.9218676 0.8384736 0.0691674 0 0.9460200 0.9166670
10.5810895 0.8378191 0.0308482 0 1.5008488 1.0000000
9.2933019 0.8366318 -0.0820409 0 2.8254167 1.0000000
8.3126260 0.7673336 -0.0396411 0 0.0000000 1.0000000
0.0000000 0.7307136 0.0027447 0 0.0000000 0.0000000
0.0000000 0.8016891 0.0755686 0 -1.0000000 0.0000000
7.2145044 0.7649873 -0.1388600 0 0.1200420 0.0000000
10.7102982 0.7241045 0.0814462 0 0.2132099 0.0000000
10.3048442 0.8383291 0.0505778 0 1.1230417 0.0000000
11.6564282 0.8229664 0.0081485 0 0.7591209 0.0000000
10.4718932 0.8757936 0.0423884 0 0.3213164 0.0000000
12.0012662 0.8300627 -0.0601427 3 0.2165119 0.0000000
11.8288961 0.7675255 -0.0117311 0 0.2000508 0.0149254
11.5575833 0.8221727 0.0435510 0 0.2156504 0.0000000
12.2376537 0.9207527 0.0832306 0 0.1444480 0.0000000
12.1625334 0.8894064 -0.0939645 0 0.1666370 0.0000000
11.7135862 0.8121091 -0.0387286 0 0.3265255 0.0000000
11.7884869 0.7608091 -0.0648629 0 0.5214016 0.0000000
9.7787743 0.7184536 0.0054333 0 0.9912056 0.0000000
10.7401505 0.7150564 -0.0141205 0 1.2078467 0.0000000
11.6911135 0.7164336 0.0436102 11 0.6480479 0.5172410
8.8233535 0.7997864 0.0741298 0 0.0000000 1.0000000
0.0000000 0.7708064 -0.1725327 0 0.0000000 1.0000000
0.0000000 0.6770091 0.0932682 0 0.0000000 0.0000000
0.0000000 0.8346409 0.2199136 0 -1.0000000 0.0000000
9.5164270 0.7945291 -0.3166809 0 0.3074159 0.6562500
8.8233535 0.6143755 -0.0595720 0 0.2359000 0.1904760
10.4326736 0.5901873 -0.0165167 0 0.2295358 0.3396230
10.7401505 0.5915045 0.0436465 0 0.3011808 0.3529410
10.1582460 0.6874127 0.2056482 0 0.2586918 0.4827590
9.5164270 0.8031918 -0.1056655 3 0.4054327 0.2307690
10.1041810 0.7606791 0.1156573 0 0.2642932 0.4117650
10.3492945 0.8261709 -0.0818967 0 0.1572658 0.0000000
10.1041810 0.7370318 -0.0120688 0 0.1469253 0.0526316
10.1582460 0.7728473 0.0307587 0 -1.0000000 0.0000000
10.1582460 0.8344936 0.1059909 0 -1.0000000 0.0000000
10.1582460 0.8370982 -0.1526236 0 -1.0000000 0.0000000
10.1582460 0.7842718 0.1051609 0 -1.0000000 0.0000000
9.9864031 0.8828836 0.1188164 0 0.6250810 0.0000000
9.0056505 0.8413491 -0.1726845 0 -1.0000000 0.0000000
7.2145044 0.7811500 -0.0240579 0 0.0000000 1.0000000
0.0000000 0.7729718 0.0080406 0 -1.0000000 0.0000000
10.3918528 0.7777009 0.0356925 0 0.1870678 0.1428570
9.4110747 0.7691882 0.0516695 0 0.6641920 0.2000000
10.7401505 0.7471464 -0.1274918 0 0.1869410 0.0000000
10.0470250 0.7454545 0.0228035 0 0.3738863 0.8461540
10.1041810 0.7560973 0.0342665 0 0.1319943 0.0000000
10.8247061 0.7757809 0.0314410 0 -1.0000000 0.0000000
11.1456084 0.8300791 0.0145206 0 0.1521400 0.0000000
11.5042378 0.8416618 0.0060572 0 0.1388865 0.0133333
11.7884869 0.8394445 0.0054956 0 0.1140407 0.0888889
11.5445113 0.8147818 -0.0549859 0 0.1971135 0.1162790
9.4110747 0.7969655 -0.0226799 0 0.4958710 0.2083330
10.5459991 0.7590682 -0.0104637 0 0.2073350 0.0909091
11.9587068 0.8269136 0.0659894 0 0.1961242 0.1964290
10.6795272 0.8287573 0.0206072 0 0.2233950 0.2727270
8.8233535 0.8518173 0.0153305 0 0.4628513 0.1851850
11.5042378 0.8234382 -0.0516463 0 0.3731204 0.0000000
11.2391331 0.7893755 0.0087682 0 0.4061847 0.0000000
10.5459991 0.7868945 -0.0460905 1 0.3663545 0.1000000
10.8773488 0.7450573 -0.0423516 0 0.2126080 0.6000000
9.7787743 0.7406482 0.0465708 11 0.1865413 0.0769231
7.2145044 0.8014873 0.0175308 0 0.7365900 0.6190480
10.5459991 0.7780127 -0.0645766 0 0.2169604 0.0000000
11.0204472 0.7399209 0.0234137 0 0.7460840 0.0571429
10.7691374 0.7426555 -0.0076141 0 0.4957270 0.0000000
11.6681242 0.7591282 0.0397530 0 0.1206822 0.0294118
11.3569147 0.8033936 0.0865767 0 0.2377021 0.0000000
11.4184719 0.8725009 -0.0380025 0 0.2438730 0.4444440
9.5164270 0.7870382 -0.0404561 0 0.1297313 0.5555560
0.0000000 0.8430745 0.0521723 0 0.0000000 0.0909091
0.0000000 0.8291455 -0.0344457 0 -1.0000000 0.0000000
10.5459991 0.7868800 -0.0578360 0 1.6637524 0.0000000
10.7401505 0.7629964 -0.0062990 0 0.2226969 0.0000000
11.1056036 0.7554436 0.0064587 0 0.1906807 0.0000000
10.7401505 0.8245118 0.0746783 0 0.2754537 0.0000000
8.3126260 0.8434100 -0.0144537 0 0.9599130 0.0000000
10.6149902 0.8771236 0.0035840 0 0.4116346 0.0000000
11.0424257 0.8108173 0.0169025 0 0.3451000 0.0196078
11.3081251 0.8189073 -0.0111642 0 0.2390385 0.0000000
11.3246542 0.8423427 0.0300377 0 0.2067117 0.0000000
10.3918528 0.7917855 -0.0683595 1 0.7005821 0.0000000
10.8513738 0.7832900 0.0097125 0 0.8282253 0.0000000
10.4326736 0.8634382 0.1307718 0 0.9116988 0.0000000
10.8773488 0.8382264 -0.2260064 0 0.5406799 0.0000000
11.2742240 0.7967473 0.1554327 0 0.4808185 0.0000000
9.7787743 0.8474855 0.0208337 0 0.8206228 0.0000000
9.5164270 0.8222882 -0.0721090 0 1.3889167 0.0000000
9.2933019 0.7903536 -0.0402374 0 2.1330000 0.0000000
8.8233535 0.7806364 0.0988327 0 3.8066567 0.0000000
10.2095374 0.8992209 0.0272738 0 3.6106900 0.0000000
9.1597836 0.7909536 -0.1004300 0 1.0536827 0.0000000
7.2145044 0.8610236 0.1391355 0 0.0000000 0.0000000
0.0000000 0.8800709 -0.0841615 0 -1.0000000 0.0000000
8.8233535 0.8711900 0.0234036 1 3.1087433 0.0000000
8.6002467 0.8014464 -0.1212564 0 4.3188800 0.0000000
9.0056505 0.7460445 0.0367526 0 5.0788033 0.0000000
9.6117305 0.8700155 0.0721802 0 6.0204440 0.2727270
8.8233535 0.7876209 -0.1197382 0 7.3468250 1.0000000
8.6002467 0.7095764 0.0563535 0 7.1189650 0.0000000
8.6002467 0.7860973 -0.0215614 0 0.0000000 0.0000000
0.0000000 0.7326091 -0.0221765 3 0.0000000 0.0000000
0.0000000 0.8025336 0.0616575 0 -1.0000000 0.0000000
7.9072836 0.7734564 0.0233173 0 10.4498000 0.0000000
9.6117305 0.7200764 -0.1464745 0 9.6612500 0.0000000
8.6002467 0.6986255 0.0985355 1 9.2097900 0.0000000
9.5164270 0.8002618 0.0677265 2 10.0166000 0.0000000
7.9072836 0.8252727 -0.1117218 0 10.3247000 0.0000000
8.6002467 0.7136509 0.0801687 0 11.1193500 0.0000000
8.8233535 0.8191445 -0.0386546 0 12.1005333 0.0000000
8.3126260 0.7446891 -0.1046945 0 13.5599000 0.0000000
7.2145044 0.6872527 -0.0509238 0 0.0000000 0.0000000
0.0000000 0.6488236 0.0796183 0 0.0000000 0.0000000
0.0000000 0.6602955 -0.0922027 0 0.0000000 0.0000000
0.0000000 1.3636364 0.0000000 0 0.0000000 0.0000000
0.0000000 1.3636364 0.0000000 0 0.0000000 0.0000000
0.0000000 1.3636364 0.0000000 0 0.0000000 0.0000000
0.0000000 1.3636364 0.0000000 0 0.0000000 0.0000000
0.0000000 0.8571445 -0.1401918 0 0.0000000 0.0000000
0.0000000 0.7540618 0.0036681 0 0.0000000 0.0000000
0.0000000 0.7777082 0.1055400 3 0.0000000 0.0000000
0.0000000 0.8046418 -0.0940073 0 0.0000000 0.0000000
0.0000000 0.7543664 -0.0642217 1 0.0000000 0.0000000
0.0000000 0.7536664 0.0736260 0 0.0000000 0.0000000
0.0000000 0.8103409 0.0868591 0 0.0000000 0.0000000
0.0000000 0.8642200 -0.0627342 0 0.0000000 0.0000000
0.0000000 0.7832809 0.0013884 0 0.0000000 0.0000000
0.0000000 0.8096000 0.0412879 0 0.0000000 0.0000000
0.0000000 0.8650845 0.0261261 0 0.0000000 0.0000000
0.0000000 0.8261182 -0.0725920 0 0.0000000 0.0000000
0.0000000 0.7919545 0.0006768 0 0.0000000 0.0000000
0.0000000 0.8605818 0.0838587 0 -1.0000000 0.0000000
10.2095374 0.8329245 -0.0787251 0 0.1810601 0.0000000
10.8247061 0.7355218 -0.0961055 0 0.1947055 0.0000000
10.4718932 0.7193136 -0.0333133 0 0.9761007 0.0000000
10.9514555 0.7090364 0.0484662 0 0.3683838 0.0000000
9.4110747 0.7978855 0.1867518 0 0.6881730 0.0000000
8.8233535 0.8691709 -0.1023591 0 1.7282920 0.0000000
9.0056505 0.7990818 0.0327428 0 2.3976350 0.0000000
9.9218676 0.8934427 0.0218233 0 2.2455987 0.0000000
9.4110747 0.8290564 -0.0670376 0 1.5370189 0.0000000
7.2145044 0.7483473 -0.0467202 0 2.1494600 0.0000000
10.4326736 0.7392509 0.0181849 1 2.2113252 0.0000000
10.6149902 0.7971936 0.1010773 0 0.3157038 0.0000000
9.8528782 0.8690782 -0.0049130 0 1.2013200 0.0000000
9.5164270 0.8133109 -0.1326900 0 1.4306085 0.5000000
9.0056505 0.7415545 0.0902053 0 0.6769340 0.0000000
8.8233535 0.8112645 0.0399669 0 1.5550920 0.0000000
10.2095374 0.8327664 -0.0299765 0 0.5526015 0.0000000
10.3492945 0.7920155 -0.0767725 0 0.1824690 0.0000000
10.6477793 0.7462609 0.0108271 0 0.2368265 0.0000000
10.8513738 0.7237791 -0.0245620 0 0.2355240 0.0000000
9.6117305 0.7745845 0.0607810 0 0.2098070 0.0000000
8.3126260 0.8320527 0.0559124 0 1.3894900 0.0000000
7.2145044 0.8179727 -0.0999545 0 2.1576600 0.0000000
9.1597836 0.8078527 0.0630070 0 3.1633540 0.0000000
9.2933019 0.8223355 0.0058137 0 2.3663868 0.0000000
9.6117305 0.8475200 0.0243703 0 0.5382259 0.0000000
8.8233535 0.8317673 -0.0391258 0 1.6677220 0.0000000
10.7973077 0.8065236 0.0042284 0 1.9397900 0.0000000
10.2095374 0.8493991 0.0271289 0 0.9282905 0.0000000
10.2583258 0.7962545 -0.0660962 0 1.9525153 0.0000000
9.6987363 0.7973073 0.0790399 0 -1.0000000 0.0000000
9.1597836 0.8483545 -0.0019073 0 3.4495414 0.0000000
9.6117305 0.8597664 0.0311251 0 4.2213722 0.0000000
11.2027660 0.8301964 0.0098307 0 2.0344825 0.0000000
10.3492945 0.8238345 -0.1197773 0 1.3020000 0.0000000
10.5459991 0.8159691 0.0584976 0 0.9696679 0.0000000
10.3048442 0.8460636 0.1087127 0 0.3020327 0.0000000
10.7691374 0.8406436 -0.0732499 0 0.1996427 0.0000000
11.0204472 0.8191218 -0.0911600 0 0.2444970 0.0000000
9.1597836 0.7878382 0.0045571 0 0.2680680 0.0000000
10.9749855 0.7717400 0.0119082 0 1.2112571 0.0000000
11.0849847 0.8015509 0.0414634 0 0.2015050 0.0000000
9.8528782 0.8260009 -0.0040106 0 0.5441415 0.0000000
9.6987363 0.8078991 -0.0248322 0 -1.0000000 0.0000000
9.5164270 0.7921891 -0.0178615 0 1.6653850 0.0000000
9.2933019 0.7727982 -0.0150609 0 2.0133275 0.0000000
8.3126260 0.7764745 0.0228645 0 1.5536100 0.0000000
8.8233535 0.7985145 -0.0299219 0 2.6521900 0.0000000
9.6987363 0.7797591 0.0061329 0 -1.0000000 0.0000000
9.9218676 0.8568900 0.1261827 0 0.5827350 0.0000000
9.1597836 0.8623027 -0.0197471 0 1.5174071 0.0000000
8.6002467 0.8496855 -0.0378484 0 2.1570650 0.0000000
9.6987363 0.7929027 -0.0327745 0 2.6392100 0.0000000
10.3048442 0.7599082 -0.0072043 0 0.4982090 0.0000000
10.9026662 0.8779836 0.0973691 0 0.5677595 0.0000000
8.8233535 0.8772000 -0.0599909 0 0.3752330 0.0000000
10.3048442 0.8252227 0.0073076 0 1.4478893 0.0000000
10.1582460 0.8861109 0.0581112 1 1.1134906 0.0000000
10.3918528 0.8417427 -0.0664346 0 1.3210791 0.0000000
10.6795272 0.9185573 0.0652979 0 0.2899667 0.0000000
10.3048442 0.8597082 -0.0808597 0 0.3633780 0.0000000
10.7691374 0.7994373 -0.0206840 0 0.3435250 0.0000000
10.9514555 0.7712909 -0.0108655 0 0.2263060 0.0000000
10.3918528 0.7554836 -0.0400894 0 0.3652720 0.0000000
10.3048442 0.7733291 0.0752775 0 0.7410430 0.0000000
9.1597836 0.8061055 0.0110856 0 0.5102310 0.0000000
10.2095374 0.8388736 0.0126732 0 1.2177962 0.0000000
9.8528782 0.8246464 -0.0190434 0 0.0000000 0.0000000
0.0000000 0.7444545 -0.1096300 0 -1.0000000 0.0000000
10.0470250 0.7244227 0.0513497 0 1.7443107 0.0000000
8.8233535 0.8301345 0.0725114 0 0.9784680 0.0000000
9.8528782 0.8120336 -0.0291579 0 1.9427743 0.0000000
9.8528782 0.8023882 -0.0435668 0 1.7391475 0.0000000
7.9072836 0.7956536 -0.0103059 1 2.0392350 0.0000000
8.8233535 0.7575736 -0.0100226 0 1.2719790 0.0000000
10.3048442 0.7674718 0.0173673 0 0.4675236 0.0000000
9.5164270 0.7781964 0.0315505 0 -1.0000000 0.0000000
9.6987363 0.8393655 0.0888546 0 -1.0000000 0.0000000
10.3492945 0.8082418 -0.1396164 0 1.0316668 0.0000000
9.6987363 0.7829473 0.1130900 0 0.4893610 0.0000000
9.4110747 0.8635500 0.0181219 0 0.5998490 0.0000000
9.6117305 0.8465055 -0.0106545 0 0.9920457 0.0000000
9.9218676 0.8306655 -0.0670697 0 0.1732640 0.0000000
7.2145044 0.7972345 -0.0218153 0 0.9346740 0.0000000
7.2145044 0.8173073 0.0606259 0 1.9959400 0.0000000
8.3126260 0.8311973 -0.0080909 0 3.0344033 0.0000000
7.2145044 0.7868564 -0.1128555 0 3.8477200 0.0000000
7.9072836 0.7298864 0.0689526 0 4.7428400 0.0000000
8.8233535 0.8274264 0.0731892 0 5.5472620 0.0000000
9.5164270 0.8458282 0.0003678 0 0.0000000 0.0000000
0.0000000 0.8252664 -0.0455254 0 -1.0000000 0.0000000
10.0470250 0.8262182 0.0855615 0 1.4867233 0.0000000
9.6987363 0.8846609 -0.0184260 0 0.4841005 0.0000000
9.9218676 0.7688736 -0.1510064 0 0.8775529 0.0000000
9.4110747 0.7310918 -0.0352347 0 0.0000000 0.0000000
0.0000000 0.7670391 0.1104509 0 0.0000000 0.0000000
0.0000000 0.8193136 0.0240667 0 -1.0000000 0.0000000
9.7787743 0.8105373 -0.0699342 0 2.7747062 0.0000000
9.1597836 0.7910136 0.0584544 0 0.8673371 0.0000000
9.4110747 0.8342255 0.0484187 0 1.5806729 0.0000000
10.3918528 0.8165555 -0.1309936 0 0.8301932 0.0000000
9.9864031 0.7588745 0.1115400 0 0.2629775 0.0000000
9.5164270 0.8555627 0.0254493 0 0.6814700 0.0000000
9.7787743 0.8506609 -0.0458504 0 0.6299050 0.0000000
10.4718932 0.8261573 0.0015260 0 0.4055720 0.0000000
9.0056505 0.7745209 -0.0767220 0 -1.0000000 0.0000000
9.4110747 0.7908700 0.0790075 1 0.9992265 0.0000000
10.0470250 0.8697964 0.0327405 0 0.7254400 0.0000000
10.1041810 0.7807445 -0.1078627 0 0.8196615 0.0000000
10.2095374 0.8115136 0.0863810 0 0.3716845 0.0000000
9.1597836 0.8204018 -0.0547533 0 0.2892920 0.0000000
9.9864031 0.7630782 -0.0329466 0 0.4965865 0.0000000
9.9864031 0.7720036 0.0368454 0 0.6486830 0.0000000
9.5164270 0.8209027 0.0152345 0 0.8119285 0.0000000
10.1582460 0.7453918 -0.0697570 0 0.1970630 0.0000000
10.1582460 0.7590291 0.0297963 0 0.1640223 0.0000000
10.2583258 0.7734464 0.0091701 0 0.3568770 0.0000000
9.4110747 0.7826755 0.0645744 0 0.6324900 0.0000000
9.5164270 0.8226000 -0.0295225 0 0.9948012 0.0000000
9.0056505 0.8192582 0.0496118 0 0.8633202 0.0000000
9.0056505 0.8196955 -0.0335859 0 1.5905500 0.0000000
8.8233535 0.8339582 0.0533502 0 1.7760568 0.0000000
7.2145044 0.8457427 -0.0721254 0 1.2747100 0.0000000
7.2145044 0.7915709 -0.0744035 0 2.7591300 0.0000000
10.1041810 0.7394727 -0.0275376 0 1.5808176 0.0000000
10.1041810 0.7902391 0.2079791 1 0.2074520 0.0000000
9.8528782 0.8411073 -0.1108345 0 0.3544133 0.0000000
9.1597836 0.7628400 -0.0442539 0 0.8252385 0.0000000
7.2145044 0.8163545 0.0593896 0 1.6560300 0.0000000
9.0056505 0.7606000 -0.0740741 1 2.6487800 0.0000000
9.0056505 0.7489000 0.0446029 0 2.0204678 0.0000000
9.9218676 0.7854027 0.0212966 0 1.0829724 0.0000000
10.2583258 0.7547700 -0.1135436 0 0.2245770 0.0000000
10.3048442 0.6743473 0.0005130 0 0.4397765 0.0000000
10.1582460 0.7565845 0.2169645 0 0.2751580 0.0000000
7.2145044 0.9293327 -0.0643072 0 1.1754300 0.0000000
7.2145044 0.8429018 -0.0389914 0 0.0000000 0.0000000
0.0000000 0.7757945 -0.0279615 0 -1.0000000 0.0000000
7.9072836 0.7847573 0.0338627 0 0.0000000 0.0000000
0.0000000 0.7522436 -0.1132000 0 -1.0000000 0.0000000
10.3048442 0.6880055 0.0019384 0 3.5845776 1.0000000
10.2583258 0.8035045 0.2041036 0 0.2261113 0.0000000
10.6149902 0.9113473 -0.0477925 0 0.1809815 0.0000000
10.8773488 0.8162127 -0.0819990 0 0.2097017 0.0000000
10.3492945 0.7478236 -0.0714517 0 0.3025000 0.0000000
10.5459991 0.7072873 0.0277300 0 0.3436965 0.0000000
11.0424257 0.7454055 0.0165770 0 0.1919570 0.0000000
11.2027660 0.7337582 -0.0597679 0 0.2131790 0.0000000
11.1258060 0.6869064 0.0564595 0 0.2736613 0.0000000
11.0424257 0.7540064 0.0901874 0 0.3661561 0.0000000
11.3569147 0.8623109 0.0317166 0 0.2029076 0.0000000
10.5810895 0.8283309 -0.0731163 0 0.3147933 0.0000000
10.6795272 0.7454573 -0.0620791 0 0.7960975 0.0000000
11.4904447 0.7418345 0.0647362 0 0.2901795 0.0000000
11.5704866 0.7672745 0.0062699 0 0.1504438 0.0000000
11.5958041 0.7408755 -0.1109836 0 0.2616498 0.0000000
11.3726629 0.7217536 0.0993164 0 0.3448385 0.0000000
10.6795272 0.8752291 0.1226655 0 0.6065078 0.0000000
11.4622741 0.8464473 -0.1285973 0 0.4103970 0.0000000
11.1840741 0.7362818 -0.0613976 0 0.2614293 0.0000000
10.6477793 0.7008600 0.0299748 0 0.6039213 0.0000000
11.3409146 0.7267973 -0.0101038 0 0.3860785 0.0000000
11.5445113 0.7395191 -0.0825813 0 0.2273842 0.0000000
11.6564282 0.6568691 0.0345213 0 0.1715053 0.0000000
11.3569147 0.7567482 0.1592809 0 0.2795452 0.0000000
11.7024130 0.8774836 -0.0119565 0 0.2828462 0.0000000
11.6204965 0.7918827 -0.0933291 0 0.2046810 0.0000000
11.2568325 0.7141973 -0.0811358 0 0.1355915 0.0000000
11.6911135 0.6738718 0.0438795 0 0.4034142 0.0000000
11.9411626 0.7377364 0.0949036 1 0.1329498 0.0000000
12.1116136 0.7623327 -0.1189345 0 0.1461166 0.0000000
11.7884869 0.6858309 -0.0068039 0 0.3384065 0.0000000
11.7463757 0.7969518 0.1877309 0 0.3295602 0.0000000
11.3246542 0.8178973 -0.1369127 0 0.3465551 0.0000000
11.5832255 0.7175209 0.0008040 0 0.2111896 0.0000000
11.0204472 0.6720127 -0.0714692 0 1.0904650 0.0000000
12.0735864 0.6646664 0.0035865 0 0.2198781 0.0000000
12.2177196 0.7481945 0.1003327 0 0.1351439 0.0000000
11.8772143 0.7423964 -0.0443745 0 0.1870018 0.0000000
11.5178434 0.7640909 0.1330127 0 0.4110716 0.0000000
9.9864031 0.8266209 -0.0369480 0 0.5666953 0.0000000
11.6681242 0.7585418 -0.0742096 0 0.4745782 0.0000000
12.1482475 0.6959682 -0.0693171 0 0.1212927 0.0000000
12.6209434 0.6727164 0.0038664 0 0.0839554 0.0000000
13.1977064 0.7248700 0.1127518 0 0.0778902 0.0000000
13.7576812 0.8048118 -0.0469181 0 0.0811271 0.0000000
14.0900337 0.7035518 -0.0186708 0 0.0871602 0.0000000
13.9255096 0.6679718 -0.0478440 0 0.1525929 0.0000000
13.9447873 0.6687427 -0.0169799 0 0.2589956 0.0000000
14.1617061 0.6443136 -0.0468236 0 0.1543645 0.0000000
13.8457711 0.6027645 -0.0241345 0 0.2213854 0.0011962
14.4896334 0.6035655 0.0176943 0 0.1197924 0.0000000
14.6325496 0.6332727 0.0300872 0 0.1514045 0.0000000
14.4944660 0.6691691 0.0423792 0 0.1376491 0.0000000
13.9412009 0.7298100 0.0681087 0 0.2379206 0.0000000
13.7240277 0.7484918 -0.0270916 0 0.4533289 0.0016234
14.0370552 0.6789764 -0.0097018 0 0.3406704 0.0015337
14.4014260 0.8065073 0.0906781 0 0.1273537 0.0000000
13.0397706 0.8129973 -0.0133269 0 -1.0000000 0.0000000
13.4203457 0.7422236 -0.0593775 0 1.0624524 0.0000000
13.2127067 0.6772782 -0.0911564 0 0.8256412 0.0000000
12.8732531 0.6269782 -0.0016412 0 0.7268920 0.0000000
12.0095649 0.6735718 0.0958300 0 1.3753026 0.0000000
12.4287081 0.7861145 0.0532400 0 1.8004040 0.0000000
13.4102139 0.7319518 -0.0768322 0 0.8117146 0.0000000
13.3340673 0.7823427 0.0734261 0 0.4112950 0.0000000
13.0189055 0.8651673 -0.0095766 0 0.1984688 0.0082305
13.2798781 0.7436191 -0.0244487 0 0.0935537 0.0025575
13.6321344 0.7083427 0.0065584 0 0.0870104 0.0017271
14.0660117 0.7593455 0.0208820 0 0.0833111 0.0000000
14.3884932 0.7186455 -0.0992845 0 0.0758019 0.0000000
14.6349463 0.7386427 0.1499982 0 0.1103096 0.0024631
14.3676027 0.8908445 -0.0034090 0 0.1629619 0.0048077
13.7029744 0.7155655 -0.1872518 0 0.5730618 0.0000000
13.6499199 0.6029264 -0.0568671 1 0.1547953 0.0019455
14.2996704 0.5783809 -0.0049413 0 0.2147450 0.0000000
13.8149994 0.6601336 0.2116045 0 0.1942385 0.0000000
14.0733840 0.8366409 0.0828839 0 0.2016170 0.0000000
13.8845356 0.8425855 -0.0786217 3 0.2415520 0.0040984
13.4343599 0.8510036 0.0946073 0 0.2746912 0.0000000
13.8562561 0.8703418 -0.0351879 0 0.3420588 0.0000000
13.7060093 0.8638691 0.0180901 0 0.2088611 0.0000000
13.3875559 0.8412800 -0.0754605 0 0.2447032 0.0000000
13.9194083 0.7730264 -0.0359692 0 0.1791251 0.2222220
13.8807260 0.8296918 0.1672627 0 0.1425594 1.0000000
11.7355649 0.9090982 -0.0567459 0 0.8427395 1.0000000
10.2095374 0.8470273 -0.0783260 0 3.2828489 1.0000000
8.6002467 0.7691118 -0.0237113 0 5.3807100 0.0000000
0.0000000 0.7973336 0.0783287 1 0.0000000 0.0000000
0.0000000 0.8308282 -0.0390174 0 -1.0000000 0.0000000
11.2568325 0.8262345 -0.0005399 0 0.2367311 0.0000000
12.9007462 0.8157827 0.0411752 0 0.4695561 0.0000000
13.0189055 0.8673091 -0.0052925 0 0.1429424 0.0000000
12.5220397 0.8535245 0.0213563 0 1.3764957 0.0000000
12.5318919 0.8327673 -0.0349336 0 2.6955318 0.0000000
11.6326178 0.8020245 -0.0550537 0 2.4563117 0.0000000
12.2244085 0.7810500 0.0237164 0 2.5605800 0.0000000
0.0000000 0.8043527 -0.0186846 0 -1.0000000 0.0000000
0.0000000 0.8142864 0.0665904 0 -1.0000000 0.0037879
13.4828660 0.7765364 -0.1570627 0 0.3723191 0.0327869
12.7150295 0.7041282 0.0606735 0 0.3407352 0.0000000
0.0000000 0.8282618 0.1001464 1 -1.0000000 0.0000000
12.1835867 0.8164318 -0.0190471 0 -1.0000000 0.0108696
13.0830673 0.8115691 -0.0222255 1 0.8225040 0.0000000
11.9844592 0.8154364 -0.0516234 0 0.2715714 0.0000000
13.2982694 0.7694918 0.0903221 0 0.4192056 0.0069444
12.6387216 0.8348564 -0.0180646 0 0.2523066 0.0000000
12.7589486 0.8346709 0.0454804 0 0.3420009 0.0080645
12.2889467 0.8511509 -0.0265331 0 0.4005679 0.0000000
12.8627451 0.8294364 -0.0461105 0 0.2173165 0.0000000
13.0717036 0.8422073 0.0441491 0 0.1853707 0.0000000
13.1136677 0.8245264 -0.0369132 0 0.1714786 0.0000000
11.6204965 0.8043327 0.0167479 0 0.6589208 0.0000000
11.4184719 0.8282636 0.0102179 0 0.3940160 0.0642202
13.0915062 0.8313809 0.0039723 0 0.2528299 0.0000000
12.2177196 0.8154191 -0.0425997 0 0.3030435 0.0000000
12.9471120 0.8002973 -0.0022894 0 0.2770700 0.0000000
13.2587754 0.7674064 -0.0302429 1 0.1817785 0.0054348
12.5220397 0.7573655 0.0068848 0 0.3870482 0.0000000
13.3643726 0.7945582 0.0736820 0 0.1294057 0.0030303
13.7090350 0.8413291 0.0089701 0 0.1101250 0.0000000
13.2658592 0.8620773 -0.0052351 0 0.2796048 0.0000000
12.7935009 0.8790064 0.0906181 0 0.4771373 0.0000000
13.6370165 0.8944300 0.0135141 0 0.1950501 0.0000000
12.7068328 0.9034000 -0.0758805 0 0.4108773 0.0000000
12.2042059 0.8678582 -0.0627605 0 0.6273140 0.0000000
12.6209434 0.8555482 0.0218829 0 0.6681978 0.0000000
12.9789617 0.8356418 -0.0449706 0 0.4644213 0.0000000
13.1901211 0.8071373 0.0254435 0 0.2420674 0.0000000
12.2951772 0.7132091 -0.1167236 1 0.4788975 0.0000000
11.8288961 0.7166318 0.0322254 0 0.8799496 0.0000000
11.4332868 0.7582800 0.0472274 0 0.3117921 0.0000000
12.4341281 0.8387191 0.1194818 0 0.4693146 0.0078740
12.6254176 0.8219573 -0.1713591 0 0.1977751 0.0000000
13.0067842 0.7225045 0.0167355 0 0.1603654 0.0000000
13.4598765 0.7836955 0.2108909 0 0.0784509 0.0000000
13.8640483 0.9425864 -0.0249459 0 0.0796728 0.0000000
14.2673547 0.8574982 -0.1244436 0 -1.0000000 0.0000000
14.0890012 0.7832245 0.0238992 0 0.1709659 0.0000000
13.7705477 0.7978418 -0.0761788 1 0.2692570 0.0000000
12.8732531 0.6919700 0.0144890 0 0.5606714 0.0000000
12.8697627 0.7774164 0.0212631 1 0.6092100 0.0000000
13.2682094 1.3636364 0.0000000 0 0.4605634 0.0200000
13.1696076 0.6753691 0.0144454 2 0.4462648 0.0000000
12.6648099 0.7065391 0.0930218 0 0.4619452 0.0000000
12.0965758 0.8240709 0.0717085 0 1.2215695 0.0000000
10.5459991 0.8609909 -0.0777805 0 0.7291431 0.0000000
12.8158898 0.7098536 -0.0661531 0 0.0808137 0.0000000
13.9637004 0.8193191 0.1879036 1 0.0781907 0.0015060
14.2366371 0.9152245 0.0002907 0 0.0883213 0.0058594
14.0879676 0.9204164 0.0307786 1 0.1225344 0.0000000
14.5865151 0.8546809 -0.0915136 0 0.0913286 0.0000000
13.3896371 0.8934536 0.0831267 0 0.5246046 0.0000000
13.2611422 0.8944491 -0.0639625 0 0.0000000 0.0000000
0.0000000 0.8629300 0.0157122 0 -1.0000000 0.0000000
12.7897202 0.8317164 -0.0866944 0 1.3366381 0.0000000
14.1255163 0.8513682 0.1823009 0 0.1604858 0.0000000
14.7377901 0.8844955 -0.1488691 0 0.0947687 0.0026420
14.7570420 0.8008882 -0.0655446 0 0.0836803 0.0000000
13.5163886 0.7325691 0.0658308 1 0.8973069 0.0000000
13.2611422 0.7674227 -0.0188599 0 0.4549493 0.0138122
13.4102139 0.7463836 -0.0717506 0 0.3430563 0.0015267
14.2249830 0.7426682 0.0207467 0 0.2167578 0.0000000
13.9495492 0.7720164 0.0103680 0 0.2259465 0.0000000
13.3536544 0.7288773 0.0142231 1 0.6151287 0.0000000
14.2768171 0.8327527 0.0634555 0 0.2489173 0.0000000
14.6679098 0.8509518 0.0129803 0 0.0874428 0.0037267
14.8851296 0.7601427 -0.1047255 0 0.1050742 0.0010020
14.4917074 0.7360118 0.0442335 1 0.1262250 0.0022026
14.8653642 0.8720318 0.0393676 0 0.1169401 0.0010417
13.2635035 0.8697627 0.0055519 0 0.1642522 0.0011933
0.0000000 0.8141255 -0.0511005 0 -1.0000000 0.0000000
13.4303759 0.7693709 -0.0497291 0 0.1387717 0.0000000
14.3269110 0.7661973 0.0569411 0 0.3853021 0.0030722
14.1588201 0.8053327 0.0468343 0 0.3632104 0.0000000
14.2150146 0.8674927 0.0360095 0 0.2563118 0.0014970
13.3207928 0.8049327 -0.1283436 0 0.3710381 0.0000000
13.5733435 0.8701618 0.1817218 0 0.3517854 0.0000000
14.3753909 0.8943400 -0.0917000 0 0.1396045 0.0000000
14.0585846 0.8216082 -0.0580179 0 0.5333639 0.0000000
13.5488239 0.8003464 0.0334703 0 0.2609752 0.0039526
14.2321708 0.8263236 -0.0077542 0 0.3507929 0.0000000
14.6174390 0.8635782 0.1111836 1 0.1157821 0.0000000
14.1938449 0.9134509 -0.0429785 0 0.2760840 0.0013793
12.0889713 0.8909309 0.0542362 0 1.1210558 0.0000000
14.2785280 0.8952000 -0.0363956 0 0.1607542 0.0000000
14.6947609 0.8389745 -0.0503631 0 0.0978658 0.0025000
14.8610775 0.7806518 -0.0765595 0 0.1042275 0.0010428
14.5846289 0.7972527 0.0504567 0 0.2133595 0.0030643
14.4784990 0.8424264 0.0144281 0 0.1489652 0.0014204
14.7591584 0.8577073 0.0684419 0 0.1597322 0.0011468
14.5474452 0.8233909 -0.1574036 0 0.1764468 0.0000000
14.2446264 0.8094545 0.1654509 0 0.1420053 0.0016863
14.7649556 0.8872745 -0.0533531 1 0.1905682 0.0010111
14.3430664 0.8442182 -0.0345911 0 0.1499271 0.0750469
14.8809269 0.8061845 -0.0246583 0 0.0889355 0.0009597
14.3676027 0.7804018 -0.0327961 1 0.3318029 0.0071124
14.9763647 0.8280791 0.1692191 0 0.1054554 0.0010309
14.8957902 0.8335373 -0.1187573 0 0.4019735 0.0026906
13.5972762 0.9428145 0.1965245 0 0.3025763 0.0000000
14.5020132 0.9371218 -0.1120255 0 0.1974033 0.0019920
14.6868378 0.8243118 -0.0529729 0 0.1122059 0.0000000
14.9865213 0.8508100 0.0125485 0 0.0873517 0.0101695
14.3707252 0.8131164 -0.0388499 0 0.0948250 0.0039024
13.9315739 0.8108173 -0.0704257 0 0.2969297 0.0051546
13.6402580 0.7339491 -0.0015797 0 0.5749619 0.0295567
14.9315648 0.7473645 -0.0019165 11 0.2211949 0.0343580
14.7323759 0.7353664 0.0217589 0 0.1677971 0.0059312
13.6563096 0.7843855 0.0550518 0 0.5305728 0.0032680
14.3430664 0.8231591 -0.0053666 0 0.2575461 0.0000000
14.6521523 0.7762573 -0.0386037 1 0.1351536 0.0009872
0.0000000 0.8633282 0.0890933 0 -1.0000000 0.0000000
13.3471679 0.8025300 -0.0953173 0 4.8724678 0.0000000
11.0849847 0.8112109 0.0871848 11 4.3710200 0.0000000
10.9514555 0.8696582 0.0300415 0 4.0817263 0.0000000
10.8247061 0.8690709 -0.0385951 2 2.4970720 0.0000000
11.4034342 0.8221645 -0.0605915 0 2.2581853 0.0000000
0.0000000 0.7929364 -0.0086741 0 -1.0000000 0.0000000
13.1164037 0.8015709 0.0301724 0 0.5576596 0.0000000
12.5416481 0.8251336 -0.0345489 0 1.4171172 0.0000000
12.0012662 0.7771473 0.0009523 0 1.8796571 0.0000000
11.7781242 0.8512309 0.0872580 0 1.3916062 0.0000000
11.2568325 0.8925400 0.0361383 0 0.1707990 0.0266667
11.0204472 0.8293982 -0.0887433 0 1.9440011 0.2500000
11.5832255 0.9349255 0.1291445 0 2.5687233 0.1666670
11.4764586 0.8609309 -0.1039982 0 3.9626789 0.2413790
9.6117305 0.8323755 0.0235076 0 5.9691733 0.0101010
11.2742240 0.8635436 -0.0778409 0 6.0062800 0.0000000
13.7044930 0.7933318 0.0728432 0 0.1871757 0.0037313
13.4403064 0.8329845 0.0029546 0 0.1195424 0.0024876
13.6892022 0.8274264 -0.0359630 0 0.1001982 0.0000000
14.0194917 0.8289555 0.0387372 1 0.0857665 0.0022124
13.9046115 0.8642500 0.0253424 0 0.2123819 0.0017513
14.1304841 0.8660855 -0.0559274 0 0.1023864 0.0030303
14.3129707 0.7753836 -0.0187146 0 0.0827904 0.0000000
14.3486597 0.8565473 0.1005318 1 0.1983046 0.0000000
14.0283120 0.9158318 -0.0192907 0 0.1137229 0.0000000
14.5738727 0.8376309 -0.0821042 0 0.1057861 0.0010776
14.5732364 0.7770736 -0.0186619 0 0.1505370 0.0027248
14.7302020 0.7895445 -0.0225820 0 0.1086090 0.0000000
13.6499199 0.7201782 -0.0517297 0 0.2832609 0.0000000
13.5182185 0.7689809 0.0785930 0 0.1591141 0.0000000
13.8858022 0.7879527 -0.0053372 0 0.3982301 0.0000000
13.1054146 0.7414309 -0.0472343 0 0.3533967 0.0000000
14.3946001 0.7382100 0.0101642 0 0.1736332 0.0000000
14.4923978 0.7531036 0.0176925 0 0.1321289 0.0000000
14.2159249 0.7445800 -0.0310763 1 0.1543040 0.0013812
14.2131914 0.7506118 0.0206845 1 0.2295818 0.0033003
14.6064163 0.7884591 0.0913709 1 0.1020641 0.0000000
14.4036910 0.8124055 -0.0835495 0 0.0975291 0.0010471
14.7893533 0.7459655 -0.0371722 0 0.1082576 0.0019940
14.7774884 0.7358227 0.0157217 11 0.1798296 0.0026247
14.5983791 0.7891382 0.0372408 0 0.2527262 0.0009671
14.6597702 0.8243445 0.0759325 1 0.1661027 0.0020141
14.7811144 0.8255945 -0.0287799 0 0.1193962 0.0010299
14.8066390 0.7848045 -0.0624040 0 0.1242798 0.0013227
14.7015025 0.7864873 0.0307289 0 0.1436267 0.0013755
14.3113178 0.7189991 -0.0583505 0 0.2329550 0.0058480
14.0775725 0.7336436 0.0245634 1 0.3145887 0.0000000
13.5802400 0.8053536 0.0975436 1 0.3584377 0.0000000
12.4122694 0.8203291 -0.0715715 0 0.5203935 0.0019724
14.1882479 0.7770955 -0.0278402 0 0.2617675 0.0020534
13.8858022 0.7826473 0.0391373 0 0.1666783 0.0020920
13.9914157 0.8032918 -0.0166841 0 0.2842050 0.0018083
14.1539915 0.8436727 0.0810354 0 0.1086993 0.0000000
14.3938387 0.8267800 -0.0830153 0 0.0911116 0.0000000
14.8466542 0.8103982 -0.0128703 0 0.0900986 0.0019399
14.5229812 0.8229727 0.1005909 0 0.1531701 0.0000000
15.0634824 0.8567418 -0.0125430 1 0.1070755 0.0000000
14.7421005 0.8304082 -0.0781681 0 0.2470097 0.0000000
11.2742240 0.7475545 -0.0474715 0 0.9223909 0.0000000
10.5810895 0.7135245 -0.0661470 0 1.5385711 0.0000000
11.3726629 0.7106936 0.1195773 1 2.8436396 0.0000000
12.0420879 0.8119164 -0.0014687 0 3.6809631 0.0000000
12.8801975 0.7994236 0.0198679 0 3.1680869 0.0000000
13.4142790 0.8148664 0.0147733 0 1.2013810 0.0000000
13.8013193 0.8296864 -0.0116855 0 1.1249283 0.0000000
14.0733840 0.7468127 -0.0098845 1 0.3938334 0.0000000
13.6721077 0.8906009 0.1595518 0 0.7237208 0.0000000
13.2468563 0.9055491 -0.1225700 0 0.6937078 0.0000000
14.1769590 0.8029100 -0.0241289 0 0.3321178 0.0014493
14.9932356 0.7965455 -0.0076549 0 0.1164194 0.0021715
14.3753909 0.8043318 0.0318345 0 0.1931152 0.0000000
14.6794240 0.8312736 0.0264525 2 0.3445968 0.0000000
13.8163572 0.8405109 -0.0518078 0 0.1669502 0.0008993
14.8141710 0.8344991 0.0005350 0 0.0886947 0.0016208
14.9699640 0.8065864 0.0206832 0 0.0916650 0.0023753
15.0642618 0.9021827 0.0964573 0 0.1189165 0.0010438
15.0135219 0.9113436 -0.0217535 0 0.1096052 0.0000000
14.3800349 0.8996055 -0.0050613 0 0.1058552 0.0000000
14.1033604 0.9139709 -0.0488696 1 0.4822040 0.0000000
13.8614576 0.8388391 0.0335290 0 0.5171093 0.0000000
13.8575590 0.8964745 0.0163852 1 0.2619471 0.0000000
9.6987363 0.8805645 -0.0901992 0 0.0000000 0.0000000
0.0000000 0.7664091 -0.0950291 0 -1.0000000 0.0000000
12.8939434 0.7478718 0.0712231 0 2.9375577 0.0000000
13.4637450 0.8192345 0.0040134 0 0.1369483 0.0000000
13.9776541 0.7554618 -0.0483635 0 0.2407843 0.0022831
13.7902389 0.6998836 -0.0582539 1 0.3592396 0.0014535
14.3063426 0.6969645 0.0409122 1 0.0896274 0.0000000
14.3129707 0.7656536 0.0010777 0 0.1031737 0.0018939
14.3063426 0.7830800 0.0111143 0 0.1403140 0.0000000
13.0915062 0.7770309 0.0706814 2 0.8248530 0.0000000
11.7355649 0.7246045 -0.1555545 1 1.6729755 0.0000000
12.2109856 0.6426745 0.0274543 2 1.9799372 0.0000000
12.5797478 0.6685182 -0.0298187 0 2.0458942 0.0000000
12.0965758 0.6426873 0.0224658 0 3.8145445 0.0000000
10.2583258 0.6616091 0.0110880 0 2.8688300 0.0000000
0.0000000 0.7292518 0.1104236 1 -1.0000000 0.0000000
0.0000000 0.8476391 0.0610811 0 -1.0000000 0.0000000
12.6164490 0.8838027 0.0566131 0 0.0000000 0.0067568
0.0000000 0.8239164 -0.1345809 0 -1.0000000 0.0000000
11.9322738 0.7847864 0.0649835 0 0.0000000 0.0000000
0.0000000 0.8350655 -0.0269157 0 -1.0000000 0.0000000
12.9142143 0.7811445 -0.0815460 0 4.3330668 0.0000000
9.8528782 0.7819645 0.0605464 0 0.0000000 0.0000000
0.0000000 0.7613564 -0.0551032 0 0.0000000 0.0000000
0.0000000 0.7311545 -0.0154593 1 -1.0000000 0.0000000
10.2583258 0.7105482 -0.0469263 0 1.7677157 0.0000000
9.1597836 0.6733664 0.0286087 0 1.2274400 0.0000000
11.7570709 0.6908373 -0.0310459 0 0.3952179 0.0000000
11.7355649 0.7048445 0.0728139 0 0.3431583 0.0000000
11.7987433 0.7264955 0.0060074 0 0.1285400 0.0000000
12.8305421 0.6945918 -0.0169530 0 0.1146060 0.0000000
12.7109396 0.7290936 0.0279034 0 0.1684163 0.0041841
12.8084824 0.7359809 0.0528356 0 0.1824447 0.0000000
13.5716119 0.7631345 -0.0218031 0 0.1497699 0.0034602
12.8801975 0.7306255 -0.0872502 1 0.1205507 0.0031250
13.7832508 0.7664245 0.0791238 0 0.1529676 0.0000000
13.1164037 0.7597345 -0.0051632 0 0.1539201 0.0000000
13.6288665 0.7325300 -0.0737990 0 0.1798978 0.0033557
13.5802400 0.6726255 -0.0617416 0 0.1722767 0.0000000
13.6626589 0.6709618 0.0315621 1 0.1005136 0.0000000
13.5108790 0.6751527 -0.0078198 0 0.1376228 0.0000000
12.6073992 0.6999755 0.0523353 0 0.4891788 0.0000000
12.0095649 0.7270909 0.0191310 0 1.8163775 0.0000000
11.4622741 0.7768545 0.0080663 0 2.4126059 0.0000000
10.6149902 0.7488482 -0.0097864 0 1.7185000 0.0000000
11.1056036 0.7366736 -0.0219745 0 0.6437317 0.0000000
13.3600991 0.7035618 -0.0431931 0 0.1139237 0.0000000
14.0744328 0.7084973 0.0417181 1 0.1223067 0.0015674
14.1452408 0.7178009 -0.0006940 0 0.0966678 0.0000000
14.2472754 0.7970282 0.1640645 0 0.1534675 0.0000000
14.1094518 0.8169082 -0.1016618 0 0.2829858 0.0000000
12.8556780 0.8300082 0.1578564 0 0.5602135 0.0196078
12.8084824 0.8432127 -0.1353573 2 0.8823900 0.0000000
13.5594060 0.7308364 -0.0788679 0 0.1796074 0.0000000
14.0205985 0.7158736 -0.0162861 0 0.1655740 0.0023148
13.8457711 0.7147136 0.0214109 0 0.0860169 0.0000000
13.8391617 0.7348755 0.0148498 0 0.2764177 0.0000000
13.5629086 0.7767091 0.0722445 0 0.2869647 0.0000000
13.3728653 0.7796064 -0.0585317 0 0.3343236 0.0000000
12.7511055 0.7967455 0.0295452 0 0.4301890 0.0000000
12.2109856 0.7443664 -0.1069464 0 0.7933858 0.0000000
11.2027660 0.6654236 -0.0333589 0 0.3217615 0.0000000
10.3918528 0.6636291 0.2401136 1 1.1601833 0.0000000
8.6002467 0.8970236 0.1072882 0 3.9939100 0.0000000
10.5810895 0.9232364 -0.1399764 0 4.7122950 0.0000000
11.1456084 0.8124600 -0.0691376 0 5.1177450 0.0000000
10.2583258 0.7935800 0.0080086 0 4.0567700 0.0000000
10.6795272 0.8099200 0.0323022 0 0.3083326 0.0000000
11.0424257 0.8892891 0.0643699 0 0.7054709 0.0000000
11.3409146 0.8080000 -0.0531063 0 2.0338010 0.0000000
10.4326736 0.8222055 0.0546663 0 2.3093850 0.0000000
10.5810895 0.8630718 -0.0437344 0 3.0078080 0.0000000
10.3918528 0.8243755 -0.0046770 0 3.0229600 0.0000000
12.1696006 0.7897873 -0.0610816 0 2.0908018 0.0000000
9.6987363 0.7732873 -0.0319333 0 0.5184370 0.0083333
12.2042059 0.7495755 -0.0311229 0 0.1811093 0.0000000
12.8939434 0.7643309 0.0504254 0 0.0875239 0.0156250
12.4816303 0.7788364 0.0258518 0 0.2565080 0.0000000
10.9979747 0.8141155 0.0237426 0 0.6163758 0.0000000
11.9844592 0.8090509 0.0323060 1 0.9698595 0.0000000
12.9945141 0.8742218 0.0359047 0 0.2383963 0.0044053
13.4997678 0.8985036 -0.0211990 0 0.1086059 0.0000000
13.0970927 0.8255573 -0.1013182 0 0.1382340 0.0052632
13.7547994 0.8051555 0.0700006 0 0.1013939 0.0000000
13.7662772 0.8676027 0.0703076 0 0.1583976 0.0000000
12.2042059 0.8681364 -0.0406766 0 1.6842100 0.0000000
9.4110747 0.8508182 0.0044249 0 0.6349618 0.0000000
9.2933019 0.8392700 -0.0274859 0 1.0601193 0.0000000
11.6082266 0.8113245 -0.0421570 0 1.7018673 0.0000000
11.0849847 0.7765518 -0.0285118 1 2.3156711 0.0000000
10.7691374 0.7937255 0.0684020 0 2.3584953 0.0000000
10.3918528 0.8261036 -0.0318213 0 2.8043600 0.0000000
11.4034342 0.8267500 -0.0261874 0 3.0613750 0.0000000
10.7973077 0.7649209 -0.0034060 0 0.9577375 0.0138889
12.2310530 0.8006727 0.0803639 0 0.5430280 0.0000000
12.2636290 0.8332900 -0.0610433 0 0.9173968 0.0000000
12.7550347 0.8091509 0.0031906 0 0.0950969 0.0000000
13.4323699 0.8107536 0.0391656 0 0.0856002 0.0000000
13.7547994 0.8624800 0.0074677 0 0.0922511 0.0000000
13.6830198 0.7636309 -0.0702617 0 0.1105121 0.0056818
12.7859251 0.8355782 0.1151782 0 0.2618560 0.0000000
10.2095374 0.8704255 -0.0782482 0 0.4524430 0.0200000
12.4712675 0.8098682 0.0058912 0 1.4375969 0.0000000
8.6002467 0.7933355 -0.0066605 0 2.2389350 0.0000000
10.5810895 0.8332745 0.0365963 0 2.9336725 0.0072464
12.8592178 0.8613500 0.0417091 0 0.6360369 0.0026954
13.6610753 0.8787155 0.0353927 1 0.1319028 0.0052356
13.8946239 0.9148436 -0.0389486 0 0.1100924 0.0000000
13.7832508 0.8563491 -0.0330220 0 0.1328240 0.0000000
13.3493348 0.8345209 0.0155968 0 0.1524115 0.0000000
13.9788081 0.8553164 -0.0039921 1 0.1978509 0.0081301
13.2176572 0.8609527 0.0381617 0 0.1839242 0.0000000
11.2742240 0.8584964 -0.0648420 0 0.7621795 0.0033784
13.5182185 0.8594127 0.0024394 0 0.3714477 0.0000000
11.7024130 0.8343436 0.0139597 0 0.3551750 0.0000000
13.2540248 0.7804200 -0.1136073 0 0.9267977 0.0000000
11.4478855 0.7813509 0.0787334 0 -1.0000000 0.0000000
12.5367819 0.8238627 -0.0091864 0 0.8948127 0.0000000
13.2151850 0.7833873 -0.0339919 0 0.5438515 0.0000000
12.6298720 0.7704800 -0.0198740 0 0.3167608 0.0000000
10.3492945 0.7802636 0.1178045 0 0.6255880 0.0000000
11.4764586 0.8990073 0.0460793 0 -1.0000000 0.0000000
12.8939434 0.8608782 -0.0964073 0 0.8375699 0.0000000
13.0970927 0.8830164 0.1292164 0 0.4767311 0.0000000
13.0774016 0.7994609 -0.2373218 1 0.3341006 0.0000000
13.5399191 0.7418009 0.1023682 0 0.2045904 0.0000000
13.4809703 0.9254009 0.1134218 0 0.1356904 0.0154440
12.5170769 0.8097255 -0.1559491 0 0.4425744 0.0000000
13.2492515 0.7821009 0.0908514 0 0.2861519 0.0000000
13.4752614 0.7894873 -0.0981364 0 0.2921461 0.0000000
13.2914122 0.7360655 0.0281603 0 0.2083902 0.0084746
13.3095945 0.9237600 0.0793856 0 0.1504871 0.0000000
13.6370165 0.7860427 -0.1499082 0 0.1575854 0.0000000
13.9291526 0.7214827 0.0445507 0 0.0988826 0.0000000
14.2543053 0.7147855 -0.0609319 0 -1.0000000 0.0019380
12.8413921 0.7531555 0.1312073 0 0.2135626 0.0000000
12.5170769 0.8496873 0.0122772 0 1.4241415 0.0093458
12.5464907 0.8553191 -0.0161457 0 0.6779380 0.0000000
14.2285833 0.8220200 -0.0656025 0 0.0873232 0.0000000
14.4238485 0.7641091 0.0396687 1 0.1430218 0.0000000
14.1578562 0.8170891 0.0372242 0 0.1989360 0.0000000
14.2077020 0.8372673 -0.0180823 0 0.3022170 0.0000000
13.7029744 0.7976055 -0.0413806 0 0.2539324 0.0000000
14.0890012 0.7881409 0.0072897 0 0.2528916 0.0014706
14.6650104 0.8095791 -0.0676033 0 0.1919426 0.0000000
13.3999784 0.6948736 -0.0362555 0 0.4549124 0.0000000
13.0717036 0.6966955 0.0115977 0 0.5334264 0.0068259
13.0397706 0.7727482 0.1164200 0 0.7666114 0.0000000
13.1109242 0.7786291 -0.1003564 0 0.5333237 0.0000000
12.7109396 0.7280673 0.0090089 0 0.9588907 0.0000000
12.7550347 0.7876455 0.0889740 0 0.5310850 0.0035461
0.0000000 0.7890982 -0.1141273 0 -1.0000000 0.0000000
12.7897202 0.7249836 0.0371349 1 -1.0000000 0.0000000
12.8377885 0.8072236 0.1658736 0 0.5140089 0.0000000
10.6795272 0.9207973 -0.0106639 0 1.0317493 0.0000000
10.5459991 0.8621091 -0.0352609 0 2.2366586 0.0000000
11.4622741 0.8119691 -0.0142869 0 3.6687241 0.0000000
11.4332868 0.8288273 -0.1104873 0 3.6548654 0.0000000
11.9142554 0.7264491 -0.0195389 1 4.0903678 0.0000000
10.9026662 0.7302118 0.0431284 0 4.4890422 0.0000000
9.8528782 0.7776873 0.0373339 0 0.0000000 0.0000000
0.0000000 0.8332918 0.0285904 0 0.0000000 0.0000000
0.0000000 0.7897045 -0.0440684 0 0.0000000 0.0000000
0.0000000 0.7952318 0.0460319 0 -1.0000000 0.0000000
10.3492945 0.8871673 0.0301864 0 0.1871903 0.0000000
12.3670642 0.8566355 -0.0277906 0 1.0206618 0.0000000
12.5890501 0.8016600 -0.0491034 0 1.2250252 0.0000000
10.4718932 0.7892355 0.0472065 0 0.3693811 0.0000000
10.3492945 0.8030164 0.0049124 0 0.0000000 0.0000000
0.0000000 0.8842836 0.0654338 0 -1.0000000 0.0000000
10.2583258 0.8541627 -0.0914082 0 2.4538136 0.0000000
10.2583258 0.8320627 0.0073989 1 3.0641690 0.0000000
11.9233051 0.8431127 0.0426729 0 2.0176683 0.0000000
12.6119343 0.9123127 0.0885934 0 0.2092683 0.0000000
12.8268991 0.8843664 -0.1032073 0 0.1030441 0.0000000
13.0128632 0.9279191 0.1138273 0 0.1209939 0.0000000
13.3449964 0.9031000 -0.1332027 0 0.0935826 0.0000000
13.7619885 0.8007045 -0.0465448 0 0.0830047 0.0000000
13.7804418 0.8162982 0.1035036 0 0.2540264 0.0057143
12.9275035 0.8850636 0.0181665 0 0.3266951 0.0080645
12.7471607 0.8703736 -0.1140427 0 0.4319221 0.0000000
12.1264286 0.8567264 0.1228491 0 -1.0000000 0.0196078
12.8010197 0.8710327 -0.0595780 0 0.6404045 0.0000000
13.0338534 0.8330227 -0.0391494 0 0.1770982 0.0000000
13.5887944 0.8089545 0.0384376 0 0.1706719 0.0000000
13.4598765 0.8393482 0.0171255 0 0.2144451 0.0000000
13.5611588 0.8842100 0.0406699 1 0.1716208 0.0000000
13.6451006 0.8269727 -0.1283691 0 0.1633678 0.0000000
14.0083557 0.7819873 0.0927591 0 0.2423177 0.0000000
12.5318919 0.8947309 -0.0000274 0 0.5205578 0.0000000
12.7511055 0.8450955 -0.1118182 1 0.4921481 0.0000000
12.7589486 0.7317009 -0.0111518 0 0.7232577 0.0000000
13.5819568 0.8004600 0.0854786 0 0.2749271 0.0000000
13.3579555 0.8286591 -0.0216080 0 0.3089165 0.0000000
13.7446470 0.8324036 0.0043048 0 0.1301888 0.0000000
13.3073397 0.7621527 -0.0037430 0 0.2576720 0.0000000
13.9459799 0.8578582 0.1023573 0 0.1946701 0.0000000
13.5836706 0.8740227 -0.0809655 0 0.1109670 0.0000000
13.4520944 0.7970191 -0.0644099 0 0.5336417 0.0000000
13.8717803 0.7576755 -0.0190167 1 0.3781484 0.0000000
12.4011582 0.7272800 -0.0356754 0 0.9304983 0.0000000
13.7135565 0.7153400 0.0179276 0 0.3663418 0.0014164
14.2507966 0.7340709 0.0315560 0 0.1436009 0.0013850
14.4238485 0.7782355 0.0766692 0 0.1073244 0.0013928
14.5559005 0.8240991 -0.0728223 0 0.0938552 0.0011025
14.4944660 0.7370609 -0.0282515 0 0.0995227 0.0010373
14.7367096 0.7329809 0.0427109 0 0.0958398 0.0021906
14.6986990 0.8105109 0.0177568 0 0.1339605 0.0011862
14.8724682 0.8145927 0.0037235 0 0.0970671 0.0011261
14.6162203 0.7687455 -0.0294485 0 0.0948655 0.0035336
14.4784990 0.7995173 0.0211367 0 0.2317222 0.0000000
13.7832508 0.7799591 -0.0413787 0 0.7746063 0.0028777
14.3293510 0.8138018 0.0854715 1 0.2123584 0.0027548
14.7575716 0.7371673 -0.1213164 0 0.2317502 0.0000000
14.7780072 0.7195418 0.0782359 0 0.2996817 0.0000000
15.0036372 0.8474382 0.0714365 0 0.1433791 0.0035170
14.9733828 0.8170545 -0.1482264 0 0.1227204 0.0000000
14.9337866 0.7480400 0.0035432 0 0.2026148 0.0000000
14.6742590 0.8223245 0.1552627 0 0.2088323 0.0000000
14.4021816 0.8244991 -0.0725647 0 0.2667473 0.0000000
14.6101041 0.7998736 -0.0651014 0 0.1628087 0.0000000
14.8813947 0.7129818 -0.0295739 0 0.1225760 0.0000000
14.9221793 0.7306936 0.0669936 0 0.1451829 0.0043956
14.4029366 0.8273427 0.0960718 0 0.2145187 0.0000000
12.9758220 0.8836336 -0.0556035 0 0.4421462 0.0000000
13.5750721 0.7248491 -0.0599820 0 0.9459740 0.0009804
13.5681396 0.8606345 0.2201073 0 0.2135696 0.0012210
14.8734116 0.9058782 -0.1403655 0 0.1458721 0.0000000
14.3162683 0.7858927 -0.0649126 1 0.3138328 0.0017794
14.2348529 0.7802591 -0.0347034 0 0.2810856 0.0000000
14.5480981 0.7510073 0.0128525 0 0.2244626 0.0000000
13.8054431 0.7669273 0.0411447 0 3.4190400 0.0000000
0.0000000 0.8045882 0.0185055 0 -1.0000000 0.0000000
0.0000000 0.8273209 -0.0292197 0 -1.0000000 0.0011074
13.8601598 0.8430064 0.0483344 0 0.3329315 0.0008475
14.9337866 0.8316973 0.0398035 0 0.1098734 0.0000000
15.0378146 0.8406227 -0.0317499 0 0.1259954 0.0000000
13.8614576 0.7852664 -0.0966636 0 0.5575164 0.0000000
14.1462169 0.7382982 0.0035626 0 0.1692175 0.0000000
14.7307459 0.8766273 0.1821518 0 0.1951947 0.0026420
14.1324643 0.8577427 -0.0983018 0 0.2246876 0.0026110
14.3430664 0.8291845 0.0458600 0 0.3090742 0.0021906
14.9364462 0.7472000 -0.1942155 0 0.1633246 0.0000000
14.8056304 0.6864645 0.0460728 0 0.1438809 0.0010060
14.4889411 0.7673918 0.0445139 0 0.2092397 0.0000000
14.3660377 0.8181718 0.0360392 1 0.2757298 0.0000000
14.3976396 0.8550809 0.0486291 0 0.1069982 0.0017346
15.0036372 0.7478764 -0.0850306 0 0.0963833 0.0008117
14.7872999 0.7479482 0.0301181 0 0.1457398 0.0000000
14.0553846 0.9172855 0.1071564 0 0.4022165 0.0000000
13.6689680 0.8302182 -0.1216264 0 0.5123588 0.0063776
15.0410095 0.7864182 -0.0218605 0 0.1173100 0.0020920
14.8846635 0.7617518 -0.0472714 0 0.1644828 0.0013369
14.5687707 0.6991636 -0.0275272 0 0.2263778 0.0038911
13.5145555 0.7025809 0.0416886 0 0.4265564 0.0000000
13.8284949 0.7719636 0.0844732 0 0.9483556 0.0000000
12.9945141 0.8114000 0.0341387 0 0.7718968 0.0000000
13.4422808 0.8609209 -0.0041195 0 0.7766933 0.0000000
14.4944660 0.7346473 -0.1459391 0 0.1290300 0.0020492
14.2870386 0.7017264 -0.0181459 0 0.6556806 0.0000000
12.7972674 0.8603173 0.2571918 0 0.2666878 0.0000000
15.1543524 0.9224800 -0.0411743 0 0.1019517 0.0000000
15.0739536 0.7916764 -0.1837682 0 0.1301637 0.0013193
14.0670682 0.7176582 0.0641332 0 0.3614850 0.0000000
14.6930684 0.9041491 0.1552173 0 0.2011563 0.0013333
14.6503860 0.9337418 -0.0701875 0 0.3859495 0.0000000
14.2776729 0.8410491 0.0422854 0 0.2261709 0.0000000
15.0457828 0.9070518 -0.0349578 0 0.1712696 0.0008711
15.1173649 0.8718191 -0.0011051 0 0.1059651 0.0000000
14.8490726 0.8671136 -0.0068693 1 0.2392125 0.0022173
14.2330656 0.7720055 -0.1382127 0 1.4251248 0.0000000
11.0849847 0.7351991 -0.0590601 0 0.8164065 0.0000000
14.6325496 0.8392618 0.3230782 1 0.1116135 0.0009074
15.1649757 0.9195055 -0.0891592 0 0.0918927 0.0000000
14.9548677 0.8758455 -0.0582766 0 0.2311827 0.0000000
13.5989639 0.8019609 -0.0260142 0 0.7744399 0.0018797
14.6119429 0.8110382 0.1143618 0 0.3211222 0.0013986
14.8893147 0.9400018 -0.0171775 0 0.1372606 0.0000000
15.0501384 0.8685327 -0.0658488 0 0.1698788 0.0019194
14.9669629 0.8320564 -0.0334325 0 0.1205329 0.0000000
14.7070860 0.7913909 0.0211899 0 0.2543615 0.0000000
13.5309343 0.8306082 0.0020043 0 0.8011719 0.0025575
13.8311723 0.8261709 -0.0372781 0 0.7961802 0.0000000
12.9208810 0.7988109 -0.0118218 1 1.1472102 0.0023364
13.7691262 0.8041791 0.0466810 0 0.0877667 0.0000000
14.8776459 0.8307645 0.0232053 0 0.0967406 0.0000000
14.6609371 0.8575636 0.0381255 0 0.1104448 0.0011481
14.5101821 0.8368645 -0.1285291 0 0.1809466 0.0035971
14.1074254 0.8279127 0.1400982 0 0.2472051 0.0012531
14.8471383 0.9149491 -0.0139605 0 0.0861287 0.0009050
14.4059509 0.8396509 -0.0767191 0 0.1251120 0.0041408
14.1144997 0.7623336 -0.0729536 0 0.3745128 0.0000000
13.8536451 0.7577445 0.0220429 0 0.4824445 0.0028090
13.1460154 0.7413455 -0.0093516 0 0.6214440 0.0061728
13.2250373 0.7772764 0.0206242 0 0.9637755 0.0000000
13.4223598 0.7750918 0.0117704 0 0.6657335 0.0000000
13.0037307 0.7975282 0.0253500 0 0.7585584 0.0000000
14.1984853 0.8015927 -0.0519165 0 0.1158529 0.0000000
14.3236484 0.8036845 0.1135764 0 0.1050854 0.0017513
13.8921113 0.8412673 -0.0451239 0 0.2312175 0.0000000
13.6799142 0.8408000 0.0426299 1 0.5055616 0.0000000
14.3470649 0.8655991 -0.0054014 0 0.1562776 0.0019194
14.2150146 0.8766555 0.0360644 0 0.1499511 0.0000000
14.0879676 0.8496645 -0.1019791 0 0.2957814 0.0000000
14.1195223 0.8587591 0.1062555 0 0.1591129 0.0000000
13.6434890 0.8828818 -0.0193091 0 0.4106892 0.0021598
13.9648706 0.8629445 -0.0582145 0 0.2003714 0.0000000
14.0117095 0.8153827 -0.0008820 0 0.2126670 0.0000000
13.5541289 0.8791936 0.0548266 0 0.2617921 0.0000000
12.8413921 0.9031036 0.0170331 0 0.5392405 0.0000000
12.6985683 0.8540582 -0.1590755 0 0.9541599 0.0000000
13.2347934 0.8419236 0.2246355 0 0.4705109 0.0000000
12.4122694 0.9632827 -0.0247723 0 0.3769919 0.0000000
12.5656299 0.8637873 -0.1129400 0 0.6546969 0.0000000
12.1264286 0.7740136 -0.1099873 1 0.6957714 0.0000000
13.0830673 0.7156345 0.0265846 1 0.4305164 0.0000000
13.5417064 0.7782864 0.0657936 1 0.1621822 0.0000000
13.7075233 0.8426764 0.0616023 0 0.1017782 0.0000000
13.8204195 0.8040773 -0.1010773 0 0.1131832 0.0000000
14.0754804 0.8046845 0.0946782 0 0.1024109 0.0000000
14.2375279 0.8365055 -0.0657019 0 0.0984856 0.0017953
14.1769590 0.7414273 -0.0917836 0 0.1571117 0.0022936
13.8983810 0.7719773 0.1381873 1 0.1539318 0.0000000
13.9660395 0.8855455 0.0539488 0 0.2722645 0.0028050
14.2012592 0.8451155 -0.0552691 0 0.0942604 0.0000000
14.2231779 0.8353736 0.0339888 0 0.1198686 0.0000000
12.9007462 0.8778836 0.0185306 0 1.0274700 0.0000000
10.9026662 0.8798927 -0.0382094 0 1.5218308 0.0012595
14.3285384 0.8177764 -0.0701115 0 0.4601846 0.0018149
14.1741167 0.7742018 0.0061866 0 0.1169766 0.0000000
14.2870386 0.8293245 0.0873715 0 0.2564132 0.0033841
13.6402580 0.8974945 0.0368830 0 0.3093270 0.0000000
14.4348739 0.9148345 0.0308199 1 0.1699398 0.0057143
14.3236484 0.9074055 -0.0849275 0 0.2463125 0.0000000
13.4885317 0.7991036 -0.0947609 0 0.3401373 0.0000000
13.8109150 0.8999273 0.2103445 0 0.5640946 0.0026350
14.4082057 0.9216145 -0.1111055 0 0.1770076 0.0022909
14.5821085 0.8601373 -0.0204211 0 0.1196238 0.0027739
14.5169389 0.8204664 -0.0459445 0 0.1342082 0.0000000
14.4601369 0.8030791 0.0229682 0 0.1865747 0.0000000
13.3979187 0.7934482 -0.0447985 1 0.4968859 0.0000000
13.2323633 0.8199573 0.0674347 0 0.6200141 0.0000000
13.5523637 0.7809882 -0.1368245 0 0.5958591 0.0000000
14.1275064 0.7046027 -0.0260318 0 0.2618354 0.0000000
13.5904965 0.7188109 0.0321203 0 0.1978413 0.0000000
14.1588201 0.7607591 0.1464345 0 0.1878910 0.0000000
12.8341718 0.9462773 0.0747517 0 0.4819059 0.0000000
0.0000000 0.9102027 -0.0482386 0 -1.0000000 0.0000000
14.0681236 0.8660409 -0.0406939 0 0.2769531 0.0000000
14.0869329 0.8392655 -0.0230817 0 0.2384756 0.0000000
13.9083313 0.7668955 -0.0927091 0 0.7045248 0.0030303
12.8870941 0.6966691 -0.0712380 0 0.6266862 0.0000000
13.7519092 0.7736318 0.1155673 0 0.9320704 0.0000000
12.4867716 0.7674645 -0.0022668 0 1.5255204 0.0000000
13.0858882 0.8474109 0.1146473 0 2.7709072 0.0000000
10.8773488 0.7952636 -0.0736192 0 3.4617300 0.0000000
10.3918528 0.8789236 0.0746657 0 2.3059925 0.0000000
10.3048442 0.8455455 -0.0617106 0 0.0000000 0.0000000
0.0000000 0.7024782 -0.1766245 1 -1.0000000 0.0000000
12.4448809 0.6480255 0.0144951 0 0.3450222 0.0000000
12.4764623 0.7351555 0.1700436 0 0.2426897 0.0000000
12.5797478 0.8785582 0.0485425 0 0.3339866 0.0000000
12.5416481 0.8739127 -0.0072397 0 0.2437215 0.0000000
0.0000000 0.9200100 0.0395378 0 -1.0000000 0.0000000
11.1840741 0.9135655 -0.0296806 0 1.3618289 0.0000000
10.9514555 0.9001655 0.0715789 3 0.7445320 0.0000000
12.5561061 0.8832127 -0.1327036 0 0.2713680 0.0000000
12.1696006 0.8649727 0.1727700 0 0.5676563 0.0000000
12.1264286 0.9330091 -0.1306936 0 0.1770846 0.0000000
12.7897202 0.8547445 -0.0226885 0 0.2035292 0.0555556
