11.7884869 0.8314082 -0.0279645 0 0.2949315 0.0000000
14.5802144 0.7968427 -0.0619592 1 0.1712751 0.0000000
15.0960135 0.7959273 0.0845066 0 0.1302311 0.0000000
12.5936691 0.7770382 0.0385664 0 0.5131062 0.0000000
9.6117305 0.8670573 -0.0716997 0 3.0820900 0.0000000
12.9599739 0.8354236 -0.0138631 1 3.9627759 0.0000000
12.0340558 0.7663927 -0.0245013 0 4.0138329 0.0000000
14.9889306 0.7116264 -0.0550920 1 1.2085422 0.0000000
14.3810158 0.7555145 0.0493732 0 0.2522872 0.0040984
14.3753909 0.7362682 -0.0273986 0 1.4981467 0.0000000
12.2763680 0.7110509 -0.0364869 0 19.4267456 0.0000000
0.0000000 0.7079682 0.0354869 0 -1.0000000 0.0000000
0.0000000 0.7381473 0.0442006 0 0.0000000 0.0000000
0.0000000 0.7773900 0.0802306 0 0.0000000 0.0000000
0.0000000 0.8230636 -0.0621788 0 0.0000000 0.0000000
0.0000000 0.7924618 0.0129229 0 0.0000000 0.0000000
0.0000000 0.7219218 -0.1139836 0 0.0000000 0.0000000
0.0000000 0.6887482 -0.0091095 0 0.0000000 0.0000000
0.0000000 0.6953545 0.0764211 0 0.0000000 0.0000000
0.0000000 0.7839209 0.0930973 0 0.0000000 0.0000000
0.0000000 0.8158918 -0.0816956 0 0.0000000 0.0000000
0.0000000 0.6987436 -0.0572598 0 0.0000000 0.0000000
0.0000000 0.7499991 0.1395582 0 0.0000000 0.0000000
0.0000000 0.8429918 -0.0088474 0 0.0000000 0.0000000
0.0000000 0.7968682 -0.0465542 0 0.0000000 0.0000000
0.0000000 0.7446445 -0.0704257 0 0.0000000 0.0000000
0.0000000 0.6995518 0.0515937 0 0.0000000 0.0000000
0.0000000 0.8033764 0.0399203 0 0.0000000 0.0000000
0.0000000 0.8207136 0.0000932 0 0.0000000 0.0000000
0.0000000 0.7771445 -0.0677284 0 0.0000000 0.0000000
0.0000000 0.7557673 0.0237909 1 0.0000000 0.0000000
0.0000000 0.7851191 -0.0275887 0 0.0000000 0.0000000
0.0000000 0.7428991 0.0806545 1 -1.0000000 0.0063898
13.9959612 0.8639755 0.1129836 0 0.3178784 0.0020367
14.4910165 0.8872518 -0.1082191 0 0.2277912 0.0000000
14.0083557 0.8401891 -0.0080104 0 0.8328448 0.0000000
11.9051229 0.8632973 0.0721385 0 4.5538059 0.0000000
9.7787743 0.8630345 -0.0671057 0 4.6474000 0.0000000
0.0000000 0.7454645 -0.0825083 0 -1.0000000 0.0000000
0.0000000 0.7413982 0.1333818 0 -1.0000000 0.0000000
0.0000000 0.9334864 0.0380367 0 -1.0000000 0.0000000
13.5236879 0.8887836 -0.0497383 0 2.4434229 0.0000000
11.6326178 0.8291164 -0.0329842 0 0.0000000 0.0000000
0.0000000 0.7700755 -0.1095636 0 -1.0000000 0.0000000
11.6911135 0.8264345 0.1445218 1 0.1215113 0.0000000
13.4790709 0.7887518 -0.1385727 0 0.4609664 0.0000000
13.5523637 0.6770736 -0.0629215 0 0.3908595 0.0049875
13.7691262 0.6470564 -0.0046684 1 0.1299560 0.0000000
13.6483160 0.7233418 0.1158545 1 0.1947322 0.0000000
13.7417273 0.7674564 0.0255695 0 0.1782852 0.0088889
13.3791877 0.7594473 -0.0787026 1 0.2303964 0.0000000
12.9503430 0.7478009 0.0484934 0 0.3491052 0.0000000
13.0515009 0.7574364 0.0003370 1 0.2858241 0.0000000
13.7135565 0.7568836 -0.0035521 0 0.1619707 0.0000000
13.5576500 0.8320282 0.0752206 0 0.1886071 0.0000000
12.8732531 0.8171836 -0.0766819 0 0.3383244 0.0000000
12.7972674 0.7605809 0.0038665 0 0.4189765 0.0000000
12.2636290 0.8081691 0.1005927 0 0.6181941 0.0000000
12.2177196 0.8877018 0.0158857 0 1.0088931 0.0000000
13.0397706 0.8696518 -0.0035263 0 0.3268038 0.0000000
13.0456529 0.8451191 -0.0480697 0 0.1520493 0.0000000
12.9406185 0.8109700 -0.0362581 1 0.2008099 0.0000000
11.9142554 0.7977255 -0.0516897 0 0.4870243 0.0000000
11.6681242 0.7442918 0.0278044 0 0.9916489 0.0000000
11.0639316 0.8183782 0.0974900 0 1.1274246 0.0000000
9.9864031 0.9024845 0.0001747 0 2.0507875 0.0000000
11.6564282 0.8098236 -0.0941164 0 1.8436469 0.0000000
11.6564282 0.8046173 0.1338955 0 0.9490744 0.0000000
11.7987433 0.9142127 0.0115855 0 0.8846143 0.0000000
13.0573149 0.8931118 -0.0380780 0 0.2693651 0.0000000
12.6119343 0.8392773 -0.0849862 0 0.1999078 0.0000000
13.4733512 0.8053745 0.0376045 0 0.1160105 0.0000000
13.5053388 0.8265209 0.0147845 0 0.1281296 0.0000000
13.3558073 0.8465718 -0.0215675 0 0.1798645 0.0000000
12.5070768 0.8259655 -0.0446070 0 0.3944131 0.0000000
12.5070768 0.7621827 -0.0313987 0 0.5023694 0.0000000
12.0420879 0.8068855 0.1069482 0 0.7377981 0.0000000
12.4395189 0.8286655 -0.0671196 0 0.6006326 0.0000000
12.9041303 0.7636027 -0.0466024 0 0.3681528 0.0000000
12.5750639 0.7814555 0.0675670 0 0.2205780 0.0259740
11.7246359 0.7943382 0.0022954 0 0.2179953 0.0000000
12.3013692 0.7951927 -0.0259855 0 0.2418827 0.0000000
12.5608793 0.8130945 0.0593275 1 0.2147311 0.0000000
11.4332868 0.8138536 -0.0665191 0 0.4135475 0.0000000
10.9514555 0.8036945 0.0521738 0 1.4128213 0.0000000
11.7463757 0.8192945 -0.0257037 0 0.6621499 0.0000000
11.3569147 0.7880882 -0.0673931 0 1.0514113 0.0000000
11.3081251 0.7405273 0.0847747 0 0.8698608 0.0000000
11.5178434 0.8509227 0.0035483 0 0.7773830 0.0000000
10.7691374 0.8538064 0.0148335 0 1.0871867 0.0000000
11.4478855 0.8078345 -0.0769551 0 0.6757763 0.0000000
12.4177790 0.7692327 -0.0142237 0 0.1455144 0.0000000
12.6985683 0.7649291 0.0082530 0 0.1376917 0.0000000
12.8010197 0.7126945 -0.0684366 1 0.1504869 0.0000000
12.8413921 0.6910391 0.0283414 0 0.1621764 0.0000000
12.4177790 0.7275891 0.0880264 11 0.2913825 0.0000000
12.8341718 0.7471727 -0.0242603 0 0.2006761 0.0083333
12.8732531 0.7281500 -0.0478297 0 0.1742664 0.0000000
13.0279010 0.7647864 0.0875385 0 0.1431093 0.0000000
13.0189055 0.7850282 -0.0926555 0 0.1813280 0.0000000
13.2250373 0.7042918 -0.0328146 1 0.1830460 0.0000000
13.1433594 0.7398800 0.0892955 0 0.1615328 0.0000000
13.5053388 0.7399782 -0.1218764 0 0.1304957 0.0000000
13.6752376 0.6539327 0.0206425 0 0.1341327 0.0072202
13.2540248 0.7435955 0.1267745 0 0.1085773 0.0000000
13.7677028 0.7603309 -0.0274825 11 0.1230301 0.0048309
13.3185632 0.8477545 0.0684911 1 0.1717581 0.0753425
12.7027091 0.7464855 -0.0767496 0 0.1892206 0.0000000
13.4752614 0.8614964 0.1113918 0 0.1927152 0.0000000
12.9914229 0.8008809 -0.1221955 0 0.2683908 0.0052219
13.8338425 0.7995664 0.0336088 0 0.1847013 0.0000000
13.4714373 0.8083991 -0.0194055 0 0.2571252 0.0000000
13.3937865 0.8076873 0.0260245 0 0.2254951 0.0043290
13.3600991 0.8081009 -0.0101788 0 0.2994431 0.0000000
13.3406391 0.8244364 0.0290223 0 0.2065056 0.0000000
12.8305421 0.7979009 -0.1024991 0 0.4120960 0.0045455
13.2444553 0.7240255 -0.0122465 0 0.2431963 0.0000000
12.6431172 0.7974673 0.1682845 0 0.2108189 0.0062112
12.8662601 0.8375664 -0.0930136 1 0.4035592 0.0000000
13.0515009 0.7487627 -0.0146050 0 0.3111647 0.0000000
12.1554160 0.8034227 -0.0564795 0 0.9847671 0.0067340
13.4904132 0.7273955 0.0187506 0 0.1374502 0.0000000
13.9400026 0.7889736 0.0854283 0 0.0940199 0.0000000
14.2330656 0.8145218 -0.0180430 0 0.1006123 0.0013587
14.4486673 0.7844555 -0.0186586 0 0.0964626 0.0027322
14.4700661 0.7328036 -0.0535114 0 0.1109555 0.0000000
14.2204642 0.7428800 0.0835531 0 0.1586133 0.0044444
14.4377937 0.8675800 -0.0000714 0 0.1640626 0.0000000
14.2348529 0.7501609 -0.0628837 0 0.1089712 0.0047059
14.6045673 0.7974609 0.1475891 1 0.1062582 0.0000000
13.8404870 0.8922618 -0.0718488 1 0.1641134 0.0017953
14.3038458 0.7639718 0.0097270 0 0.3082822 0.0099010
12.8627451 0.8693091 0.0893688 1 0.7018147 0.0000000
0.0000000 0.8978600 -0.0594904 0 -1.0000000 0.0092593
12.9108643 0.7898218 -0.1180864 0 1.8472780 0.0000000
14.6947609 0.7527582 -0.0021531 0 0.1207205 0.0020877
14.6562615 0.7682964 0.0261956 0 0.1099847 0.0009506
14.9742357 0.7756509 0.0181005 0 0.0987732 0.0010627
14.7394087 0.7544045 -0.0779417 0 0.1503611 0.0000000
14.6913730 0.7234836 0.0673008 0 0.1019003 0.0000000
14.8658394 0.7924836 0.0137081 0 0.1595175 0.0012723
14.8999309 0.8185091 0.0172365 0 0.2202710 0.0000000
15.1568413 0.7923391 -0.0342346 0 0.1053061 0.0019249
15.0949508 0.8047009 0.0529041 0 0.1239385 0.0026572
15.3711390 0.7944264 -0.0673043 0 0.1027295 0.0009479
15.1272896 0.7578145 -0.0197248 0 0.1378722 0.0012376
14.8471383 0.7717927 0.0903282 0 0.1986685 0.0000000
15.0220917 0.8323009 0.0060921 0 0.2449930 0.0000000
15.1532838 0.8109336 -0.0380605 0 0.1785163 0.0010163
14.9613655 0.7775273 -0.0524631 0 0.1036625 0.0000000
14.9368887 0.7752545 0.0650868 0 0.2553389 0.0161464
14.7554518 0.7718300 -0.0546005 0 0.2182755 0.0082559
14.9181298 0.7742564 0.0121792 1 0.1532299 0.0000000
14.6216931 0.7510436 -0.0309795 0 0.1943718 0.0081301
13.2658592 0.7546545 0.0598760 0 0.7570682 0.0071942
14.5176120 0.7974573 -0.0253361 0 0.1409128 0.0093168
14.4194040 0.8239900 0.0660638 0 0.1806770 0.0000000
14.3454674 0.8264318 0.0191003 0 0.2251634 0.0000000
14.5375994 0.8379000 -0.0513403 0 0.2704389 0.0000000
14.9801855 0.7970364 -0.0457139 0 0.1146591 0.0070299
15.0085918 0.8180618 0.0961400 0 0.1264099 0.0000000
14.0172744 0.8667155 0.0450282 0 0.3784117 0.0000000
14.0038664 0.8238545 -0.1489455 0 0.4717986 0.0000000
14.5852581 0.7651282 0.0150403 0 0.1860185 0.0000000
14.3769413 0.7210182 -0.0665645 0 0.3050820 0.0041667
13.6040102 0.7002673 0.0053776 0 0.7778550 0.0000000
13.4462178 0.7177064 0.0885345 0 0.8164769 0.0000000
13.4941655 0.8613691 0.0427007 0 0.4861617 0.0000000
13.3812863 0.7870864 -0.0814970 0 0.6539597 0.0000000
13.6073603 0.7623018 0.0646230 0 0.1196328 0.0000000
13.6056867 0.7475718 -0.0750565 0 0.1852504 0.0000000
13.6255878 0.7618345 0.0789035 0 0.1913062 0.0000000
13.6689680 0.8513818 -0.0621344 0 0.1921573 0.0064655
14.0744328 0.7690155 0.0158975 0 0.1156017 0.0000000
14.1816782 0.6679836 -0.1383982 1 0.0946748 0.0000000
11.8959064 0.7642882 0.2070773 11 0.3736493 0.0296296
13.4243699 0.8295936 -0.0498618 0 0.6624082 0.0000000
11.8485044 0.8096282 0.0482139 0 0.1936078 0.0029940
13.6907418 0.8684273 0.0306356 0 0.2088830 0.0000000
13.5750721 0.7882227 -0.0667196 0 0.1691653 0.0000000
13.8026958 0.9170409 0.1531873 0 0.2231911 0.0050505
11.7781242 0.8693118 -0.1838991 0 0.3959421 0.0000000
13.3749772 0.8057100 0.0750091 0 1.1456200 0.0000000
11.3081251 0.8630373 -0.0353157 0 1.9594845 0.0000000
13.3643726 0.7756000 -0.0352732 0 0.7848982 0.0000000
13.9936911 0.8686782 0.1284745 0 0.2788412 0.0000000
12.9307984 0.9003255 -0.0189604 0 0.7567309 0.0060976
13.5108790 0.8405309 -0.0927736 0 0.3761790 0.0000000
13.7705477 0.8087400 -0.0246090 0 0.1747786 0.0024450
12.6518508 0.7676436 0.0137161 0 0.6100308 0.0116279
13.4885317 0.7920973 -0.0117265 0 0.2469966 0.0000000
12.9340825 0.7979845 0.0727843 0 0.4399808 0.0000000
12.4816303 0.8481727 0.0130455 0 0.7770123 0.0000000
13.1245669 0.8423309 -0.1696136 0 0.4631028 0.0000000
13.0858882 0.7604027 0.1649355 0 0.4194842 0.0000000
13.3163286 0.9091491 0.0462754 0 0.2187658 0.0045872
12.5703581 0.8721600 -0.0458450 0 0.5598035 0.0000000
13.3917139 0.8169064 -0.0651484 0 0.1777064 0.0038610
13.0427161 0.7960564 -0.0609117 0 0.2864873 0.0000000
12.0965758 0.7072664 -0.0636911 0 0.4934998 0.0000000
7.2145044 0.7502709 0.1802436 0 0.0000000 0.0000000
0.0000000 0.8324173 -0.0695494 0 0.0000000 0.0000000
0.0000000 0.7619727 -0.0220182 0 0.0000000 0.0000000
0.0000000 0.7492245 0.0367678 1 0.0000000 0.0000000
0.0000000 0.9022955 0.1128836 0 -1.0000000 0.0000000
12.4867716 0.9084736 0.1080882 0 3.8761435 0.0000000
13.5733435 0.9036145 -0.1717009 0 0.1429192 0.0074074
13.3749772 0.8072109 -0.0389177 0 0.1611796 0.0000000
13.0970927 0.7951900 -0.0314975 0 0.2339330 0.0163934
13.2492515 0.7354473 -0.0309141 1 0.1769552 0.0045872
13.0037307 0.7673464 0.0381634 0 0.2339720 0.0058823
12.6902349 0.8006036 0.0620925 11 0.2055814 0.0076336
13.5071889 0.8494800 0.0023926 0 0.1357475 0.0036900
13.3854704 0.8260536 -0.1234082 0 0.1212414 0.0038314
13.6515211 0.7076309 0.0101455 0 0.1302656 0.0000000
13.8908527 0.8235418 0.1079818 0 0.1390093 0.0025773
13.6968768 0.8676718 0.0170188 0 0.1709332 0.0027174
14.0511019 0.8333082 -0.0151125 0 0.1235279 0.0041580
14.1626662 0.8129891 -0.0360986 0 0.1132469 0.0087566
14.3269110 0.7872955 0.0115889 0 0.1214576 0.0000000
14.2195580 0.8432809 -0.0046073 0 0.1353408 0.0068259
14.3179130 0.8091373 0.0001647 1 0.1344827 0.0064309
14.2312751 0.8752600 -0.0019781 0 0.1512077 0.0000000
12.7432003 0.7539709 0.0477605 0 0.2497308 0.0283019
14.4501082 0.9320564 0.0829705 0 0.1195111 0.0082079
14.5725997 0.8909436 -0.0823794 0 0.1408137 0.0068120
14.6397224 0.8200236 -0.0381354 0 0.1095913 0.0034325
14.3769413 0.8245227 -0.0376795 0 0.1270778 0.0014815
13.5921957 0.7365591 -0.0254173 0 0.2959002 0.0051151
13.9483608 0.7622464 0.0052852 0 0.2045562 0.0026110
13.4081752 0.7869436 0.0481425 0 0.7473976 0.0000000
12.5513099 0.7970491 -0.0622261 0 0.9915693 0.0083333
12.9820916 0.7369418 -0.0221231 0 1.0312001 0.0065790
12.0095649 0.6819545 -0.0666495 0 -1.0000000 0.0074074
12.9373558 0.6611427 -0.0093547 0 1.4546350 0.0000000
13.5853814 0.7515482 0.1521973 0 0.3378773 0.0000000
11.8189459 0.7862655 -0.0479293 0 1.0962566 0.0000000
12.9406185 0.7538400 -0.0473133 1 1.1888575 0.0000000
12.0579612 0.6227782 -0.0988564 0 0.7905056 0.0000000
12.5170769 0.6461173 0.0500314 0 3.0767216 0.0000000
11.3409146 0.7131918 0.0902259 0 2.7219876 0.0000000
8.6002467 0.7441109 -0.0369154 1 0.1611245 0.0000000
13.0774016 0.7575727 0.0114360 1 0.1598617 0.0000000
12.8767313 0.7768145 0.0757111 0 0.2766182 0.0000000
12.9663433 0.8540436 0.0557389 0 0.2479343 0.0000000
12.2442110 0.8730564 0.0260098 0 0.5655352 0.0000000
11.9411626 0.8256436 -0.0732858 0 0.8894562 0.0000000
12.3842565 0.8307109 0.0976555 0 0.9048757 0.0080645
12.7231596 0.9155027 -0.0155935 0 0.2835297 0.0000000
11.0849847 0.8670173 -0.0337196 0 0.6863200 0.0000000
12.9945141 0.8375636 -0.0403549 0 0.3895631 0.0000000
11.1456084 0.8110836 0.0295689 0 1.0130454 0.0064103
12.9975958 0.8329227 -0.0306949 0 0.2563437 0.0000000
12.5703581 0.8444264 0.0574574 0 0.1979082 0.0000000
13.0368164 0.8565573 -0.0256337 0 0.1507128 0.0000000
12.5750639 0.8140664 -0.0533736 0 0.1773541 0.0084034
13.0279010 0.8001873 0.0859247 0 0.3178421 0.0000000
12.4177790 0.8760491 -0.0210305 0 0.2212204 0.0000000
12.7432003 0.8673127 -0.0779047 1 0.2848261 0.0000000
12.1041230 0.8038782 0.0256192 0 0.3547827 0.0037736
13.4040852 0.8869709 0.0925691 0 0.2019285 0.0000000
13.7971785 0.8834036 -0.0108893 0 0.1151392 0.0025575
13.7373317 0.8744027 -0.0592748 0 0.1160975 0.0000000
13.0573149 0.8028773 -0.0572465 0 0.4235320 0.0042373
13.3979187 0.8452982 0.1571245 0 0.3192479 0.0000000
12.2109856 0.9333573 -0.0000474 0 0.3942336 0.0000000
13.0943034 0.8622500 -0.0925518 0 0.6243210 0.0000000
13.0717036 0.8477909 0.0466961 0 0.2722230 0.0000000
11.8866040 0.8125836 -0.1606627 0 0.6129098 0.0000000
11.6204965 0.7455736 0.0738405 0 1.0529810 0.0000000
12.8305421 0.7833527 0.0060978 0 0.4917149 0.0000000
12.7744528 0.8059818 -0.0434942 0 0.4379004 0.0068493
12.8084824 0.7467018 -0.0713106 1 0.1587085 0.0000000
12.5750639 0.7190400 0.0348319 0 0.1487856 0.0000000
12.0012662 0.6954227 -0.0736870 1 0.9929697 0.0000000
13.3471679 0.7267118 0.0515857 0 0.2930278 0.0000000
12.8485605 0.7217582 0.0270198 0 0.3861693 0.0000000
13.4979038 0.7823982 0.1191282 0 0.0987088 0.0017036
14.0702311 0.7778091 -0.0784400 0 0.1135377 0.0000000
14.6301472 0.7518945 -0.0278615 0 0.1078615 0.7719300
13.3207928 0.7447309 0.0172215 1 0.2612454 0.3333330
9.2933019 0.7630327 -0.0534905 1 1.9271350 0.0000000
11.4184719 0.6987273 -0.0470714 0 0.1526797 0.0000000
13.5345379 0.6684264 0.0575755 1 3.2999245 0.0000000
9.9864031 0.7147373 0.0234770 2 0.0000000 0.0000000
0.0000000 0.7787036 0.0768192 0 0.0000000 0.0000000
0.0000000 0.8221400 -0.0332256 0 0.0000000 0.0000000
0.0000000 0.7153282 -0.0712843 0 -1.0000000 0.0000000
7.2145044 0.7532964 0.0854235 0 0.0000000 0.0000000
0.0000000 0.8144891 0.0394281 0 0.0000000 0.0000000
0.0000000 0.7297018 -0.1112436 2 -1.0000000 0.9795920
7.2145044 0.6954491 -0.0298582 0 0.0000000 0.0000000
0.0000000 0.7583645 0.0554025 0 0.0000000 0.0000000
0.0000000 0.7625109 0.0154589 1 0.0000000 0.0000000
0.0000000 0.7972600 0.0310360 0 0.0000000 0.0000000
0.0000000 0.7416209 -0.0911455 0 -1.0000000 0.0000000
0.0000000 0.7358436 0.0838545 0 0.0000000 0.0000000
0.0000000 0.7511218 -0.1157382 1 0.0000000 0.0000000
0.0000000 0.6688955 -0.0062575 0 0.0000000 0.0000000
0.0000000 0.8316509 0.2455864 1 0.0000000 0.0000000
0.0000000 0.8367218 -0.1524882 0 0.0000000 0.0000000
0.0000000 0.7391927 0.0041935 0 0.0000000 0.0000000
0.0000000 0.8554309 0.2179582 1 0.0000000 0.0000000
0.0000000 0.9439745 -0.0395498 0 -1.0000000 0.0000000
12.4177790 0.9267564 -0.0890555 0 0.3351730 0.0000000
11.3726629 0.8292373 -0.0407955 0 0.6728933 0.0000000
12.4011582 0.7633627 -0.0991918 0 21.5287000 0.0000000
0.0000000 0.7706591 0.1460582 0 -1.0000000 0.0000000
0.0000000 0.8456391 -0.0370538 0 0.0000000 0.0000000
0.0000000 0.7910255 -0.0720175 0 0.0000000 0.0000000
0.0000000 0.7627873 0.0263645 0 0.0000000 0.0000000
0.0000000 0.7739373 -0.0063822 0 0.0000000 0.0000000
0.0000000 0.7873464 0.1064073 2 0.0000000 0.0000000
0.0000000 0.8075682 -0.0692584 0 0.0000000 0.0000000
0.0000000 0.7798245 -0.1175882 0 0.0000000 0.0000000
0.0000000 0.7494082 0.0514862 2 0.0000000 0.0000000
0.0000000 0.7148473 -0.0253517 0 0.0000000 0.0000000
0.0000000 0.7592200 0.0743286 0 0.0000000 0.0000000
0.0000000 0.8186464 0.0612742 0 0.0000000 0.0000000
0.0000000 0.8537082 -0.0120299 0 0.0000000 0.0000000
0.0000000 0.8207300 0.0022683 0 0.0000000 0.0000000
0.0000000 0.8660173 0.0778457 0 0.0000000 0.0000000
0.0000000 0.8588509 -0.0910045 0 0.0000000 0.0000000
0.0000000 0.8090855 -0.0450541 0 0.0000000 1.0000000
0.0000000 0.8030345 0.0629595 0 -1.0000000 0.0000000
0.0000000 0.8290173 0.0529228 1 0.0000000 0.0000000
0.0000000 0.9110164 -0.0156995 0 -1.0000000 1.0000000
0.0000000 0.8462418 -0.0536465 0 -1.0000000 0.0000000
0.0000000 0.8400691 0.0639778 0 0.0000000 0.0000000
0.0000000 0.8238118 -0.1436400 0 0.0000000 0.0000000
0.0000000 0.7331891 0.0057649 0 0.0000000 0.0000000
0.0000000 0.8412209 0.1759473 0 -1.0000000 0.0000000
0.0000000 0.8980536 -0.0692430 0 -1.0000000 0.0000000
0.0000000 0.8405364 -0.0789315 0 -1.0000000 0.0000000
11.3881669 0.7644418 -0.0175165 0 10.1925862 0.0000000
10.6149902 0.8074691 0.0626213 0 0.0000000 0.0000000
0.0000000 0.8523845 -0.0051895 1 0.0000000 0.0000000
0.0000000 0.7383291 -0.1272764 0 -1.0000000 0.0000000
10.9979747 0.7532836 0.0994918 0 0.2625355 0.0833333
12.4969758 0.8292327 0.0204345 1 0.7955711 0.0000000
12.1041230 0.8184536 -0.0207125 0 -1.0000000 0.0000000
12.6387216 0.8098100 0.0024914 1 0.3457964 0.0000000
12.8905246 0.8732173 0.1398073 0 0.2086033 0.0000000
11.9499732 0.8364082 -0.2246755 0 0.6267037 0.0000000
12.7231596 0.7810036 0.1106073 11 0.5253442 0.0000000
12.9142143 0.9190091 0.0446907 0 0.2106382 0.0000000
0.0000000 0.8538518 -0.0231570 0 -1.0000000 0.0000000
13.0887011 0.8109055 -0.0206470 0 0.5540970 0.0000000
7.9072836 0.8533300 0.0626817 0 -1.0000000 0.0000000
10.4326736 0.7948100 -0.1257127 0 3.3009100 0.0138889
7.9072836 0.8024245 0.0825457 0 -1.0000000 0.0090909
0.0000000 0.8618736 -0.0166016 0 -1.0000000 0.0000000
12.4177790 0.8204709 -0.0011847 0 2.9749413 0.0000000
10.4718932 0.8063618 -0.0229115 0 2.4168933 0.0000000
11.8581663 0.8060327 -0.0105222 0 1.5372884 0.0000000
9.2933019 0.8048736 0.0230551 0 0.1497890 0.0202703
11.8959064 0.8134155 0.0450835 0 0.4336771 0.0000000
12.5890501 0.8710945 -0.0315220 0 0.4336127 0.0000000
11.9673648 0.8296882 0.0297500 0 0.4623463 0.0000000
13.0858882 0.8370436 -0.0396395 0 0.3740779 0.0000000
13.1644128 0.8266700 0.0392941 0 0.1344429 0.0000000
12.5844098 0.7998382 -0.1601491 0 0.3927415 0.0000000
12.4867716 0.7290564 0.0446035 0 0.4248597 0.0000000
13.0219130 0.7594245 0.0168114 1 0.2539451 0.0000000
12.1410273 0.7883945 0.0534150 0 0.7144045 0.0000000
11.7246359 0.8495900 0.0435185 0 0.0000000 0.0000000
0.0000000 1.3636364 0.0000000 0 0.0000000 0.0000000
0.0000000 0.7488527 0.0605412 3 0.0000000 0.0000000
0.0000000 0.8889518 0.1294691 0 -1.0000000 0.0000000
11.2211149 0.8495264 -0.1677582 0 0.1816454 0.0000000
13.2564029 0.6802818 -0.1128409 1 0.2044051 0.0000000
10.9514555 0.6625745 -0.0194927 0 2.3744107 0.0000000
11.3726629 0.6471873 0.0157180 0 2.1613939 0.0000000
11.8866040 0.6924264 0.0423056 0 0.8093193 0.0000000
12.5703581 0.6805727 0.0685347 0 6.0712962 0.0000000
10.5096324 0.7568336 -0.0274643 1 10.8660333 0.0000000
7.2145044 0.7432509 -0.0332793 0 0.0000000 0.0000000
0.0000000 0.7365091 0.0968236 211 0.0000000 0.0000000
0.0000000 0.7918918 -0.0532533 0 -1.0000000 0.0000000
7.2145044 0.7176745 -0.0743528 0 6.2854000 0.0000000
10.3048442 0.7563473 0.1297100 0 0.0000000 0.0000000
0.0000000 0.7930745 -0.0306020 0 0.0000000 0.0000000
0.0000000 0.7639609 0.0040833 0 0.0000000 0.0000000
0.0000000 0.8045964 0.0618259 3 0.0000000 0.0000000
0.0000000 0.8642291 0.0207581 0 0.0000000 0.0000000
0.0000000 0.7575536 -0.1933836 0 -1.0000000 0.0000000
12.8121930 0.6639136 0.0248775 11 0.1816310 0.0000000
13.2396361 0.7479282 0.1467864 0 0.1603315 0.0000000
11.2568325 0.9187609 -0.0460665 3 0.0000000 0.1576350
0.0000000 0.9521136 0.1283227 0 -1.0000000 1.0000000
12.2951772 0.8311364 -0.1070127 0 0.1531085 0.3333330
12.3842565 0.8923936 0.0483877 0 0.5755191 0.0000000
12.0177954 0.8600945 0.0879108 0 0.5479283 0.0000000
12.9631636 0.9199991 -0.1136473 0 0.4684877 0.0000000
12.8413921 0.7856618 -0.0781870 0 0.2351099 0.0000000
13.0427161 0.7715364 0.0142088 1 0.1488940 0.0000000
11.7884869 0.8152964 0.0952591 0 0.5923234 0.0000000
11.2027660 0.9016609 -0.0863084 0 1.7693008 0.0000000
10.8247061 0.9343073 0.2068991 0 1.6184762 0.0000000
12.2109856 0.8094709 -0.2630200 0 0.4131561 0.0000000
12.4969758 0.7014727 -0.0488758 0 0.7024790 0.0000000
11.2742240 0.7037609 0.0920500 0 0.4888032 0.0000000
11.3081251 0.8005055 -0.0355606 0 2.0242514 0.0000000
11.2913182 0.7023318 -0.1483536 1 6.7509245 0.0000000
8.6002467 0.5696282 -0.0181151 0 -1.0000000 0.0000000
10.8513738 0.5618700 -0.0061924 0 -1.0000000 0.0000000
9.7787743 0.7559536 0.2864536 2 0.0000000 0.0000000
0.0000000 0.8234991 -0.0549584 0 -1.0000000 0.0000000
9.1597836 0.7877491 -0.0136435 0 0.0000000 0.0000000
0.0000000 0.7946264 0.0373553 0 0.0000000 0.0000000
0.0000000 0.8201145 -0.0263965 0 0.0000000 0.0000000
0.0000000 0.8816109 0.1089864 0 0.0000000 0.0000000
0.0000000 0.8787827 -0.0446800 0 0.0000000 0.0000000
0.0000000 0.8267218 -0.0328491 0 0.0000000 0.0000000
0.0000000 0.7876373 -0.0641516 0 0.0000000 0.0000000
0.0000000 0.7990127 0.0691086 0 0.0000000 0.0000000
0.0000000 0.8541318 0.0551658 0 0.0000000 0.0000000
0.0000000 0.8480027 -0.0553209 0 0.0000000 0.0000000
0.0000000 0.7970055 -0.0398245 0 0.0000000 0.0000000
0.0000000 0.7770600 -0.0053185 0 0.0000000 0.0000000
0.0000000 0.7923164 0.0381940 0 0.0000000 0.0000000
0.0000000 0.8012345 -0.1229755 0 0.0000000 0.0000000
0.0000000 0.6691736 -0.0077791 0 0.0000000 0.0000000
0.0000000 0.7876500 0.1916991 0 0.0000000 0.0000000
0.0000000 0.8213882 -0.1372427 0 0.0000000 0.0000000
0.0000000 0.7358582 0.0279241 0 0.0000000 0.0000000
0.0000000 0.8506464 0.0486985 0 0.0000000 0.0000000
0.0000000 0.7089882 -0.1491955 1 -1.0000000 0.0000000
8.6002467 0.6644364 0.0126530 1 0.6505633 0.0000000
11.9673648 0.6274382 -0.0302118 0 0.3799785 0.0000000
12.0658043 0.6864245 0.1888873 0 0.3333887 0.0000000
12.3377367 0.8199491 -0.0448802 1 0.2497700 0.0000000
12.9945141 0.7659600 0.0504136 0 0.1974778 0.0000000
9.9218676 0.7681782 -0.0749302 0 2.3690183 0.0000000
10.2095374 0.7809664 0.0502105 0 3.3634250 0.0000000
11.2742240 0.7864927 -0.0449952 0 2.9794311 0.0000000
10.8247061 0.7274282 -0.0582065 0 1.4169617 0.0172414
9.5164270 0.7073427 0.0112465 0 0.7711767 0.0000000
12.1264286 0.7751645 0.0511015 1 1.3764056 0.0000000
11.2742240 0.7210191 -0.0449815 0 0.9119961 0.0000000
12.2571982 0.7702536 0.0816815 1 0.7435991 0.0000000
11.4184719 0.8302527 0.0447310 0 1.5894967 0.0000000
10.8513738 0.9097273 0.0256164 0 0.9476613 0.0000000
12.2507257 0.9602382 0.0325624 0 0.1523474 0.0000000
13.0308817 0.8839345 -0.0504102 0 0.2217637 0.0000000
13.1696076 0.8120291 -0.0794983 0 0.2411354 0.0000000
12.8627451 0.7635191 -0.0351960 1 0.3527582 0.0000000
12.1766181 0.7620482 -0.0340913 1 0.4548301 0.0000000
10.9749855 0.6931227 -0.0205203 0 0.0000000 0.0000000
0.0000000 0.7479736 0.0346591 1 -1.0000000 0.0000000
10.9514555 0.7974373 0.1268436 0 3.2247905 0.0000000
12.3554362 0.8451818 -0.0296794 1 1.6249194 0.0000000
13.1406963 0.7516536 -0.1060645 0 0.2162788 0.0000000
12.2636290 0.7255464 -0.0369964 0 0.2664213 0.0000000
10.5459991 0.7237800 0.0341566 0 1.0473722 0.0000000
12.0500561 0.8566018 0.1831918 0 1.4239921 0.0000000
11.5312662 0.8782255 -0.0671251 0 0.6079282 0.0000000
12.7471607 0.8014991 -0.0834165 0 0.5594566 0.0000000
11.2027660 0.7982836 0.0888071 0 1.1253374 0.0000000
12.9175532 0.7721327 -0.1150155 0 0.3310651 0.0000000
12.7667307 0.6747955 -0.0928355 0 0.2141853 0.0000000
12.7471607 0.6358591 0.0031620 0 0.3099425 0.0000000
11.4332868 0.6598000 0.0672193 1 0.7903817 0.0000000
9.4110747 0.7494827 0.0564038 0 2.3071975 0.0000000
9.7787743 0.7453855 0.0162921 0 1.7922476 0.0000000
12.0813084 0.8172727 0.0643105 0 0.1949297 0.0000000
12.0889713 0.7677509 -0.1118164 0 0.0000000 0.0000000
0.0000000 0.7968527 0.0395523 0 -1.0000000 0.0000000
7.2145044 0.7772118 -0.0418151 0 2.4387000 0.0000000
11.2391331 0.7621445 0.1705127 0 2.5984097 0.0000000
10.5810895 0.8432464 -0.0964773 0 2.1821973 0.0000000
10.2095374 0.7177864 -0.1062864 0 1.2972371 0.0000000
11.9142554 0.7081464 0.0397686 0 1.0761003 0.0000000
11.2913182 0.7760518 0.0529703 0 1.3338630 0.0000000
11.0849847 0.8278655 0.0342721 0 0.5965066 0.0000000
11.8581663 0.6599391 -0.1926182 0 1.2624312 0.0000000
8.6002467 0.6940691 0.2150873 0 0.0000000 0.0000000
0.0000000 0.8590836 -0.0201005 0 -1.0000000 0.0000000
10.7973077 0.7478173 -0.1474909 0 1.9955754 0.0000000
11.9587068 0.6569145 -0.0300086 0 5.1004174 0.0000000
10.6795272 0.7096827 0.1214573 0 4.3207750 0.0000000
10.9514555 0.7721191 -0.0113335 0 3.3849514 0.0000000
10.7102982 0.7853173 0.1208836 1 2.8085208 0.0000000
8.3126260 0.8037873 -0.0941773 0 1.4336350 0.0175439
11.1650262 0.7479927 -0.0447943 0 0.9322845 0.0000000
0.0000000 0.7333527 -0.0041730 0 0.0000000 0.0000000
0.0000000 0.7842627 0.0998500 0 -1.0000000 0.0000000
0.0000000 0.8690800 -0.0327994 1 -1.0000000 0.0000000
0.0000000 0.7893109 0.1249509 0 -1.0000000 0.0000000
12.3377367 0.8806218 -0.0718213 1 6.1453931 0.0000000
0.0000000 0.8115536 -0.0740636 0 -1.0000000 0.0000000
10.9273583 0.7969518 0.0182677 0 2.7828270 0.0000000
11.8189459 0.7806764 -0.0630642 0 1.9379139 0.0000000
11.4184719 0.7497227 0.1027027 0 1.1951805 0.0000000
12.2244085 0.8147073 -0.0691779 1 0.2261069 0.0000000
12.5120894 0.7041964 -0.0629995 0 0.2091018 0.0000000
12.6518508 0.6659709 -0.0333666 1 0.2366143 0.0000000
12.6944103 0.7535182 0.1030055 0 0.2220552 0.0000000
12.2889467 0.6806245 -0.1532418 0 0.9674344 0.0000000
11.6911135 0.6522118 0.1120664 0 0.5204921 0.0000000
11.8772143 0.7882327 -0.0155792 1 0.4976370 0.0000000
12.4712675 0.6559382 -0.0718015 0 0.3208350 0.0000000
12.7150295 0.6844182 0.0937336 0 0.1815732 0.0125000
12.9108643 0.7497055 0.0637081 0 0.2741879 0.0000000
11.8288961 0.7331855 -0.0927118 1 1.4055680 0.0000000
9.7787743 0.7592136 0.0755665 0 1.3202059 0.0000000
12.1410273 0.7582273 -0.0901155 1 0.3618496 0.0000000
12.6902349 0.7124245 0.0403016 0 0.3347638 0.0000000
11.1456084 0.7592509 -0.0064153 0 0.3374666 0.0000000
12.9175532 0.6914491 -0.0437215 0 0.5954745 0.0000000
12.6985683 0.6855518 -0.0306535 0 0.3131235 0.0000000
12.8377885 0.7118218 0.1360236 0 0.1826169 0.0000000
12.4969758 0.7858464 -0.0655115 0 0.4466209 0.0000000
12.6561892 0.7244682 0.0450748 0 0.7269998 0.0074074
12.8905246 0.7811773 -0.0015300 0 0.1580933 0.0000000
12.5120894 0.7543300 -0.0040251 0 0.5412776 0.0000000
12.3670642 0.7868209 -0.0109257 0 0.7601931 0.0000000
12.0813084 0.6636809 -0.1175355 0 0.8058376 0.0000000
13.0858882 0.6747236 0.1105582 0 0.3716040 0.0000000
11.9051229 0.7347236 -0.0903812 0 0.7869573 0.0000000
12.5703581 0.6599682 0.0110334 1 0.5013426 0.0000000
12.6985683 0.7100991 0.1410909 1 0.2796419 0.0178571
12.2700188 0.7491827 -0.1412327 0 0.6807758 0.0000000
11.4904447 0.7700545 0.1853964 0 1.6185044 0.0062112
12.3377367 0.7284209 -0.2148409 1 0.3669358 0.0000000
13.4675985 0.6340791 -0.0115703 1 0.1321267 0.0000000
13.0830673 0.6352045 0.0160450 0 0.3075342 0.0076336
12.8195731 0.6902691 0.1452309 1 1.8604455 0.0000000
11.7463757 0.8021800 -0.0265140 0 0.0000000 0.0049020
0.0000000 0.6988518 -0.0621817 0 -1.0000000 0.0000000
11.9411626 0.7084027 0.0463014 0 0.4896651 0.0000000
11.5958041 0.8176518 0.0392977 0 1.5387951 0.0000000
11.5178434 0.7639291 -0.0912382 1 2.1880325 0.0000000
12.0735864 0.6801755 0.0061525 0 3.0884413 0.0000000
9.8528782 0.7060964 0.0317298 1 3.8894329 0.0169492
0.0000000 0.7355282 -0.0349093 1 -1.0000000 0.0000000
12.1835867 0.6839418 0.0358098 0 0.1859117 0.0000000
12.9975958 0.8115027 0.0914045 0 0.3863107 0.0000000
12.3785585 0.7570818 -0.1510627 1 1.3743340 0.0000000
12.8732531 0.6866973 0.0485725 0 1.0642314 0.0000000
12.8905246 0.7493836 0.0619362 1 0.2620473 0.0000000
13.1054146 0.7594864 -0.0942145 0 -1.0000000 0.0000000
11.5042378 0.6638000 0.0159555 0 0.9794840 0.0093897
0.0000000 0.7604273 0.1181273 0 -1.0000000 0.0000000
0.0000000 0.7275100 -0.1351273 0 -1.0000000 0.0070922
12.8939434 0.6680818 -0.0372524 0 -1.0000000 0.0500000
11.7463757 0.6875127 0.1307018 0 2.8422829 0.0000000
9.0056505 0.7788600 -0.0749015 0 0.0000000 0.0096154
0.0000000 0.6872000 -0.0869003 1 0.0000000 0.0000000
0.0000000 0.6680609 0.0507016 0 -1.0000000 0.0000000
11.9587068 0.6553900 -0.0612449 11 0.3536784 0.5581400
11.1056036 0.6069427 -0.0030007 0 0.7619237 1.0000000
10.7102982 0.6761018 0.1231700 0 2.4539282 0.0000000
10.3048442 0.7565709 0.0057722 3 0.0000000 1.0000000
0.0000000 0.6841418 -0.1111455 0 -1.0000000 0.0000000
8.6002467 0.6430982 0.0372454 0 0.0000000 0.0000000
0.0000000 0.7415173 0.1066855 0 -1.0000000 0.0000000
11.8772143 0.7466518 -0.0361544 1 0.5087856 0.0000000
11.4184719 0.7179600 -0.0018479 0 0.6454093 0.0000000
11.9051229 0.7504164 0.0306318 1 0.2888230 0.0000000
12.2310530 0.7947845 -0.0084729 0 0.1604622 0.0000000
12.0889713 0.7020555 -0.0658225 1 0.2580421 0.0000000
12.0579612 0.6817682 0.0389647 0 0.1997775 0.0000000
10.3492945 0.8245827 0.0771984 0 1.1485907 0.0000000
10.7102982 0.7633264 -0.1330355 1 1.2214131 0.0000000
10.9749855 0.6446782 -0.0320988 0 1.2440841 0.0000000
9.2933019 0.6726418 0.0713628 0 1.0245045 0.0000000
8.3126260 0.7456309 0.1083518 0 0.0000000 0.0000000
0.0000000 0.8065427 -0.0795505 0 0.0000000 0.0000000
0.0000000 0.7575645 0.1516518 1 0.0000000 0.0000000
0.0000000 0.8906245 -0.0847886 0 -1.0000000 0.0000000
10.2095374 0.7480409 -0.1410345 0 6.3535200 0.0000000
11.0424257 0.6979518 0.0417150 0 2.9148484 0.0000000
9.1597836 0.7415009 0.0470344 0 0.8552065 0.0000000
9.7787743 0.7902000 0.1165582 0 2.1198725 0.0000000
9.7787743 0.8605809 -0.0496395 1 2.8586450 0.0000000
9.6117305 0.7358600 -0.0853995 0 3.7846233 0.0000000
10.7973077 0.8881882 0.1749509 0 3.6295082 0.0000000
9.0056505 0.8443718 -0.1212591 0 3.0699250 0.0000000
10.3492945 0.8239009 0.0827325 0 3.1250914 0.0000000
9.2933019 0.8107364 -0.0791634 0 3.4999125 0.0000000
7.9072836 0.8775927 0.0588032 0 4.1455800 0.0000000
9.9218676 0.7627882 -0.1007309 0 5.0786100 0.0000000
10.4718932 0.7489645 0.0037362 1 0.0000000 0.0000000
0.0000000 0.7505700 -0.0303975 0 -1.0000000 0.0000000
10.9026662 0.7423809 0.0208863 0 4.7676850 0.0000000
11.4764586 0.7988791 0.0745882 0 -1.0000000 0.0103093
11.7135862 0.7837145 -0.0931491 0 0.2031310 0.0000000
11.8581663 0.7225709 -0.0380775 0 0.1356179 0.0000000
12.0177954 0.7208545 -0.0095053 0 0.1694432 0.0000000
11.4764586 0.8020564 0.1765573 0 0.2708853 0.0000000
11.4184719 0.8234082 -0.0879511 0 0.8320219 0.0000000
12.3554362 0.7906782 0.0055625 0 0.2942871 0.0000000
11.6796849 0.7523609 -0.0769365 0 0.2623571 0.0000000
11.8288961 0.7477545 0.0975255 0 0.8651227 0.0000000
11.9051229 0.7752700 -0.0329274 0 0.3822656 0.0000000
12.2376537 0.7408591 -0.0250266 0 0.4801025 0.0000000
11.7355649 0.7403900 -0.0001420 0 0.5151993 0.0000000
11.1456084 0.7586018 0.0040696 0 0.4458076 0.0000000
11.4622741 0.7480327 -0.0113721 0 0.5298327 0.0000000
12.0889713 0.6733355 -0.0474671 0 0.3069224 0.0149254
12.0259587 0.7402200 0.1334691 0 0.3840744 0.0000000
11.4622741 0.8256891 -0.0015645 0 0.3794841 0.0000000
12.1041230 0.8007636 -0.0622625 0 0.5755004 0.0000000
12.2042059 0.7402545 -0.0090685 0 0.3955852 0.0000000
12.7150295 0.7574882 0.0561963 0 0.1432183 0.0000000
12.3612671 0.8261473 -0.0465304 0 0.3569152 0.0000000
12.5120894 0.7356636 -0.0411575 0 0.2733611 0.0000000
12.6944103 0.8771373 0.1594309 0 0.3086146 0.0000000
12.6561892 0.8035209 -0.1126127 0 0.1352407 0.0000000
12.6561892 0.8060118 0.0760241 0 0.2034733 0.0000000
11.4478855 0.7695973 -0.1107964 0 0.7959292 0.0000000
10.6477793 0.7409291 0.0989627 0 1.6651927 0.0000000
12.0500561 0.8421118 0.1037482 0 0.9440951 0.0000000
10.5096324 0.8152736 -0.2269236 0 0.8269095 0.0000000
12.6119343 0.6784464 -0.0186925 0 0.6190347 0.0000000
11.7884869 0.6915773 0.0320686 0 0.2977883 0.0000000
0.0000000 0.8190573 0.0763045 1 0.0000000 0.0000000
0.0000000 0.7975627 0.0921636 0 -1.0000000 0.0000000
12.6561892 0.8765027 -0.0134235 1 0.4043656 0.0000000
12.5070768 0.8449436 0.0011875 0 0.3551112 0.0000000
12.4712675 0.8709845 -0.0184055 0 0.3233085 0.0000000
10.9273583 0.8306109 -0.0280370 0 1.0303384 0.0000000
11.5042378 0.7935645 -0.0220669 0 0.9076473 0.0000000
10.5459991 0.7933627 -0.0407765 0 1.0998668 0.0000000
9.8528782 0.7680227 0.0308963 0 2.5986600 0.0000000
10.3918528 0.8411882 0.0553423 0 2.8842822 0.0000000
9.1597836 0.8261545 -0.0036782 1 3.6188200 0.0000000
11.5958041 0.8621336 0.0543024 0 1.0525840 0.0000000
9.9864031 0.8460264 -0.1199136 1 0.4326739 0.0000000
12.2763680 0.8992800 0.1163409 0 0.5336582 0.0000000
11.6681242 0.8250927 -0.1299509 0 0.1791852 0.0000000
11.8959064 0.8055845 0.0783883 0 0.7274672 0.0000000
11.7463757 0.8186591 -0.0870275 0 0.1927881 0.0000000
11.3246542 0.7006118 -0.0712576 0 1.0024005 0.0000000
11.7570709 0.7196218 0.1048745 0 0.4777639 0.0285714
9.9864031 0.8101400 -0.0098876 1 1.1303271 0.0000000
12.0658043 0.7770218 -0.0385168 0 0.6466768 0.0000000
12.2826771 0.7467055 -0.0074110 1 0.2511677 0.0000000
12.4816303 0.7166373 -0.0355618 0 0.1771503 0.0113636
12.4448809 0.7130173 0.0159943 0 0.2173887 0.0000000
10.8773488 0.7153873 0.0485992 0 0.8913024 0.0000000
10.6795272 0.8312736 0.1056400 1 1.6873586 0.0000000
11.0204472 0.7602764 -0.1732118 0 1.9694175 0.0000000
11.5445113 0.7639164 0.1865891 0 0.4430481 0.0000000
12.5750639 0.8548627 -0.0508281 1 0.3540746 0.0000000
12.3436714 0.7854227 -0.0673799 0 0.1687491 0.0116279
12.8870941 0.7731873 -0.0177733 0 0.2409457 0.0000000
11.7781242 0.7370191 -0.0228323 11 0.6720723 0.0000000
9.7787743 0.7502055 -0.0028307 0 1.6889800 0.5428570
10.7102982 0.7584691 0.0494970 0 2.3972369 1.0000000
9.0056505 0.7800973 -0.0436332 0 3.4764250 1.0000000
0.0000000 0.6756255 -0.0516200 0 0.0000000 1.0000000
0.0000000 0.7097973 0.0245710 0 0.0000000 1.0000000
0.0000000 0.7298655 -0.0035442 3 0.0000000 0.0000000
0.0000000 0.6679091 -0.0508800 0 -1.0000000 1.0000000
7.9072836 0.6601309 0.0039373 0 -1.0000000 0.0000000
9.5164270 0.7026964 0.0830255 0 0.6265579 0.0000000
11.8387483 0.7513809 -0.0008179 1 1.4533123 0.0000000
10.9514555 0.7799045 0.0942791 1 0.9641793 0.0000000
10.8247061 0.8322382 -0.0514137 0 0.2710930 0.0000000
11.6445939 0.7797609 0.0355601 0 0.6509715 0.0000000
12.0500561 0.8230773 -0.0415404 0 0.1306539 0.0000000
12.0340558 0.7673264 -0.0124315 0 0.1627802 0.0000000
12.1625334 0.7656136 0.0130422 0 0.1629207 0.0000000
9.1597836 0.7829882 0.0281692 0 1.0057610 0.0000000
10.3048442 0.7900818 -0.0604163 1 1.7513578 0.0000000
11.1650262 0.6861555 -0.1019391 0 1.5932167 0.0000000
11.3569147 0.6563855 0.0850278 0 0.8316850 0.0000000
11.0204472 0.7639755 0.0880820 1 0.3054861 0.0000000
11.4478855 0.8215982 -0.0008578 0 0.8736788 0.0000000
11.7987433 0.8059100 -0.0085042 0 0.3560540 0.0000000
11.6796849 0.7772909 -0.0358236 0 0.3744741 0.0000000
12.3257605 0.7854255 0.0448233 0 0.1746025 0.0000000
12.3612671 0.8079927 -0.0334793 0 0.1891297 0.0000000
12.6776032 0.7385264 -0.0467672 0 0.1311190 0.0000000
12.8047580 0.7412227 0.0573229 0 0.1714299 0.0000000
11.7676530 0.8276918 0.0427520 0 0.6095777 0.0000000
11.4904447 0.8009118 -0.0849564 1 0.9161965 0.0000000
12.4395189 0.6990000 -0.0723844 0 0.5654221 0.0058140
12.9075029 0.7139718 0.0815629 0 0.2531694 0.0000000
12.7068328 0.8076973 0.0402136 1 0.3936755 0.0000000
9.6987363 0.7346518 -0.0882018 0 0.8152445 0.0126582
11.7884869 0.8052618 0.1701100 0 0.1865128 0.0000000
12.8627451 0.7631255 -0.1911564 1 0.2536783 0.0000000
12.4177790 0.6532118 -0.0628128 1 0.3370474 0.0119048
12.8732531 0.6121891 -0.0079187 0 0.3617055 0.0000000
9.6987363 0.6160282 0.0579500 0 0.0000000 0.0000000
0.0000000 0.7049800 0.1020355 0 -1.0000000 0.0000000
0.0000000 0.7810482 -0.0626355 3 0.0000000 0.0000000
0.0000000 0.7548955 0.0794083 0 -1.0000000 0.0000000
9.4110747 0.8350864 0.0107789 0 0.3390462 0.0000000
10.4718932 0.7768018 -0.0412889 0 0.8679294 0.0000000
10.8247061 0.7474409 -0.0208019 0 1.6610245 0.0666667
0.0000000 0.7845909 0.0936600 0 -1.0000000 0.0000000
0.0000000 0.8932664 0.0447948 0 -1.0000000 0.0000000
12.7392242 0.7749009 -0.1177982 0 0.2694018 0.0049751
13.1644128 0.8459636 0.1849082 0 0.1385336 0.0000000
12.4502142 0.9228191 -0.0650545 0 0.3631082 0.0108696
12.1973800 0.8272255 -0.0734114 0 0.6968522 0.0000000
13.1591908 0.7687400 -0.0537304 0 0.1555508 0.0000000
13.5417064 0.7613836 0.0960527 0 0.2387009 0.0000000
12.8662601 0.9182545 0.0685334 0 0.3844092 0.0000000
11.7781242 0.8723509 -0.0755890 0 0.7780801 0.0000000
13.7605548 0.7872618 -0.0724043 0 0.2446358 0.0000000
13.4481805 0.7529845 -0.0331580 0 0.2274908 0.0000000
13.1977064 0.7512864 0.0593535 0 0.3033773 0.0000000
13.0943034 0.8114482 0.0411210 1 0.3520096 0.0200000
12.3955560 0.8218391 -0.0630157 0 1.1375702 0.0000000
13.3118442 0.7236282 -0.0236979 0 0.2142321 0.0000000
12.8341718 0.7745300 0.0661426 0 0.4307900 0.0000000
12.9307984 0.7529000 -0.1074391 0 0.5895605 0.0000000
13.0887011 0.7086873 0.0132912 1 0.4203234 0.0042017
13.4501393 0.7833673 0.1210400 0 0.2654021 0.0000000
13.0573149 0.7933791 -0.0768105 1 0.3008096 0.0000000
12.5561061 0.8724082 0.1156918 0 0.4957405 0.0000000
12.5936691 0.7742755 -0.2039700 0 0.1639715 0.0058651
13.5345379 0.6994036 0.0860584 0 0.1377233 0.0000000
13.9218533 0.7648900 0.0205849 1 0.1333423 0.0032573
13.4343599 0.6687009 -0.1544118 0 0.2472532 0.0000000
13.6467096 0.7448791 0.1798827 0 0.4186304 0.0000000
13.3600991 0.7968864 -0.0368250 11 0.4481910 0.0000000
13.5488239 0.7982318 0.0506505 0 0.3470464 0.0000000
12.1696006 0.7964691 -0.0139482 0 0.7266244 0.0000000
13.3073397 0.7830464 0.0115040 0 0.9205562 0.0000000
10.9026662 0.8136636 -0.0345572 0 0.6322389 0.0000000
7.2145044 0.7824118 0.0022094 0 -1.0000000 0.0000000
10.3492945 0.7018718 -0.1509518 1 2.7550800 0.0000000
10.7102982 0.6137364 -0.0303502 0 4.6187300 0.0000000
8.8233535 0.6585800 0.1391282 0 5.6776800 0.0000000
10.9514555 0.7333691 0.0304412 1 5.8933933 0.0000000
11.4478855 0.7681245 0.0020539 0 5.9998439 0.6294120
11.9759485 0.7744573 -0.0179634 0 0.5946136 1.0000000
9.4110747 1.3636364 0.0000000 0 0.0000000 0.0000000
0.0000000 0.6917873 0.0194207 3 0.0000000 0.0000000
0.0000000 0.7456582 0.0400299 1 -1.0000000 0.0000000
10.4326736 0.7084645 -0.0329980 0 0.1334890 0.3750000
9.6117305 0.7691155 0.0484132 0 3.1636537 1.0000000
8.8233535 0.7363800 -0.0132816 0 0.0000000 0.0000000
0.0000000 0.8586391 0.1328009 3 0.0000000 0.0000000
0.0000000 0.8289809 -0.0587568 0 -1.0000000 0.0000000
10.7691374 0.8661845 0.0281937 0 0.1541557 0.0000000
12.1041230 0.7511745 -0.1265673 1 0.1371644 0.0131579
12.1554160 0.7768636 0.0467990 1 0.2460191 0.9500000
8.6002467 0.7518900 -0.0573895 0 0.0000000 0.0000000
0.0000000 0.7150927 0.0181185 0 -1.0000000 0.0000000
0.0000000 0.6936009 -0.0494890 0 0.0000000 0.0000000
0.0000000 0.7211300 0.0490577 0 0.0000000 0.0000000
0.0000000 0.7396382 0.0222395 0 0.0000000 0.0000000
0.0000000 0.8430500 0.1234900 3 0.0000000 0.0000000
0.0000000 0.8177855 -0.1113236 0 -1.0000000 0.0000000
11.4332868 0.7667036 0.0358809 0 0.1486306 0.0000000
11.7987433 0.8796755 0.1222482 0 0.2057244 0.0000000
12.6164490 0.8502482 -0.1363618 0 0.1345723 0.0000000
12.2442110 0.7806018 -0.0276260 0 0.1372605 0.0000000
12.5070768 0.7573591 0.0209423 0 0.3130966 0.0000000
11.8387483 0.7830200 -0.0438195 0 0.6146152 0.0000000
12.4918867 0.6757936 -0.0781255 1 0.3778462 0.0000000
12.6518508 0.7104373 0.1371100 0 0.1934068 0.0000000
12.1482475 0.8089827 0.0744048 1 0.5914180 0.0000000
12.2442110 0.8922009 0.0052660 0 0.3375496 0.0000000
13.0630952 0.7825918 -0.1187227 0 0.1740232 0.0000000
13.1191322 0.7797827 0.1478691 0 0.3801124 0.0000000
11.8189459 0.9357564 0.0261662 0 0.2702422 0.0000000
11.6911135 0.9037918 -0.0692448 0 1.2412062 0.0111732
12.7744528 0.8538455 -0.0203128 0 0.1581946 0.0000000
0.0000000 0.8726118 0.0818730 0 -1.0000000 0.0000000
13.5218681 0.8751645 -0.0721619 0 0.2294999 0.0000000
13.0544121 0.8245209 -0.0497197 0 0.4015545 0.0000000
13.4771680 0.8009564 0.0055894 1 0.1731498 0.0000000
13.1799169 0.7750291 -0.1056009 0 0.4263830 0.0000000
12.7972674 0.7527682 0.1301636 0 0.2810001 0.0000000
10.1582460 0.8482091 -0.0121271 1 0.2767943 0.0000000
10.7102982 0.8295591 0.0222920 0 1.8414586 0.0000000
10.5459991 0.8285236 -0.1450255 0 2.6723482 0.0000000
11.5575833 0.7786118 0.1111155 1 3.4531416 0.0000000
11.6681242 0.8868727 0.1762045 0 2.1771921 0.0000000
10.4326736 0.9027100 -0.1333600 0 2.3525700 0.0000000
12.2109856 0.8290836 -0.0278447 0 1.8680189 0.0000000
12.6298720 0.8080145 -0.0864873 0 0.6433625 0.0000000
12.0579612 0.7497255 -0.0028559 0 1.2007971 0.0000000
12.0177954 0.8163545 0.0701730 1 0.7701613 0.0000000
11.0424257 0.7856018 -0.0606670 0 1.6002268 0.0000000
12.1264286 0.7885000 0.1045455 0 1.3776066 0.0000000
12.4712675 0.8509582 -0.0455416 1 1.5565223 0.0000000
9.2933019 0.8392127 0.1659345 0 0.4746290 0.0000000
12.4177790 0.9752818 -0.0233276 0 0.1232077 0.0000000
12.1905071 0.9019545 -0.0390397 0 0.5461891 0.0051814
12.9914229 0.8714555 -0.0159899 0 0.1643075 0.0000000
12.8905246 0.9223418 -0.0658148 0 0.2084479 0.0000000
13.2002222 0.8502445 0.0755231 0 0.1637815 0.0000000
12.3670642 0.8969545 -0.1432636 0 0.1326178 0.0000000
12.5890501 0.8830764 0.2158155 0 1.2702650 0.0000000
12.2951772 0.8486018 -0.1916036 0 0.4940394 0.0000000
12.5703581 0.8072855 0.0631495 1 0.5709209 0.0000000
10.8247061 0.8546036 -0.0326994 0 0.5672797 0.0000000
11.6204965 0.8217455 0.0194428 0 1.8218322 0.0000000
10.6795272 0.8203627 -0.0255002 0 2.3170086 0.0000000
9.6117305 0.8136382 0.0798690 0 2.4057480 0.0000000
9.9218676 0.8871773 -0.0763427 0 3.2086080 0.0000000
10.1041810 0.7845964 0.0891292 0 3.9391257 0.0000000
10.6795272 0.9494655 0.0064228 0 5.1627509 0.0000000
9.2933019 0.8589627 -0.1189100 0 5.7157100 0.0000000
11.6326178 0.7959655 0.0033511 0 0.1650002 0.0000000
10.7691374 0.7382636 -0.0917864 0 0.2856435 0.0454545
11.4764586 0.7789291 0.1394527 0 1.6383981 0.0000000
10.3048442 0.8407209 -0.0108021 0 2.4475960 0.0000000
11.8189459 0.7657864 -0.1149255 0 3.1280782 0.0000000
12.0500561 0.7103727 -0.0370229 0 0.3306825 0.0000000
10.7401505 0.6892955 0.0242655 0 0.5684243 0.0000000
10.7691374 0.7277845 0.0656363 0 1.4156446 0.0000000
10.3492945 0.7936182 0.0417384 0 2.1710950 0.0000000
10.7973077 0.7395591 -0.0902134 0 2.4723938 0.0000000
11.6326178 0.7733391 0.0637425 0 0.8901387 0.0000000
10.9026662 0.7758209 -0.0114692 0 1.0377515 0.0000000
11.2742240 0.8391018 0.1412518 0 0.9291592 0.0000000
11.1258060 0.8154455 -0.1831082 0 1.2275899 0.0000000
12.1625334 0.7597464 0.0069781 0 0.5381828 0.0000000
10.3048442 0.7900873 0.0909091 0 0.5237958 0.0000000
10.2095374 0.8699009 0.0224602 0 1.5024829 0.0000000
11.5312662 0.7820527 -0.1014436 0 1.5019390 0.0000000
11.2211149 0.7477182 0.0710435 0 0.9516315 0.0000000
11.6681242 0.8485245 0.0073867 0 0.6961293 0.0000000
10.9514555 0.7452800 -0.1295527 0 0.7897594 0.0000000
12.0500561 0.6863245 -0.0295493 0 0.4359401 0.0000000
10.5096324 0.7251918 0.0316979 1 0.0000000 0.0000000
0.0000000 0.7246764 0.1057273 0 -1.0000000 0.0000000
9.1597836 0.8297655 0.0314698 0 2.6774900 0.0000000
10.2095374 0.7810455 -0.1186682 0 7.7089700 0.0000000
10.6795272 0.7426027 0.0491812 0 8.1583717 0.0000000
8.8233535 0.7983500 0.0701745 0 0.0000000 0.0000000
0.0000000 0.8245700 0.0102337 0 0.0000000 0.0000000
0.0000000 0.7663055 -0.0962164 0 0.0000000 0.0000000
0.0000000 0.7952400 0.1701455 0 -1.0000000 0.0000000
11.4184719 0.9064645 -0.0535346 0 0.6127386 0.0000000
11.5704866 0.8464127 -0.0645815 0 0.3224051 0.0000000
11.8959064 0.7952827 -0.0354153 0 0.3111703 0.0000000
11.3881669 0.7767055 0.0287643 0 0.4963321 0.0000000
11.2391331 0.7721073 -0.0345391 0 0.7016773 0.0000000
10.2583258 0.7293936 -0.0435785 0 1.3359880 0.0000000
11.3881669 0.7075473 -0.0100163 0 0.0000000 0.0000000
0.0000000 0.7217991 0.0518815 0 -1.0000000 0.0000000
10.9026662 0.8305618 0.0646977 0 2.0039617 0.0000000
11.1456084 0.7870064 -0.0749631 0 1.0765543 0.0000000
11.3409146 0.7161864 -0.0534520 0 0.6492809 0.0000000
9.4110747 0.7082345 0.0464173 0 0.5031475 0.0000000
0.0000000 0.7912773 0.0904793 1 -1.0000000 0.0000000
0.0000000 0.7793973 -0.1056973 0 -1.0000000 0.0000000
11.5312662 0.7862873 0.1234836 0 2.7095915 0.0000000
9.2933019 0.8267536 -0.0743971 0 1.9485200 0.0000000
0.0000000 0.7244591 -0.1011645 0 -1.0000000 0.0000000
9.2933019 0.6808182 0.0413451 0 5.4157700 0.0000000
8.6002467 0.8034818 0.1479391 0 5.2833625 0.0000000
9.6987363 0.8297800 -0.0765241 0 5.2774308 0.0000000
9.6117305 0.8248845 0.0859604 0 0.6807030 0.0000000
10.7691374 0.8951955 0.0425313 0 0.1847470 0.0000000
11.6911135 0.8312909 -0.0855926 0 -1.0000000 0.0000000
11.9673648 0.9344600 0.1125618 0 0.1347466 0.0000000
12.0340558 0.8994327 -0.0712691 0 0.1548100 0.0208333
11.7987433 0.8026891 -0.1024536 0 0.3453463 0.0000000
12.3899222 0.7964318 0.0350526 0 0.1323214 0.0000000
11.7246359 0.8227618 0.0098985 1 0.1677356 0.0000000
11.9844592 0.8406891 0.0229903 0 0.4954603 0.0000000
11.7355649 0.8441191 0.0075379 0 0.5025670 0.0078125
12.7027091 0.8584745 0.0628916 0 0.1363020 0.0000000
12.7027091 0.8977773 -0.0246177 0 0.1938289 0.0000000
11.9411626 0.8476809 -0.0347858 0 0.4112488 0.0000000
12.0658043 0.8446509 -0.0525197 0 0.2255288 0.0000000
12.5020391 0.8065609 -0.0033860 0 0.5026216 0.0000000
12.7744528 0.8012200 -0.0043162 0 0.2268172 0.0000000
12.8870941 0.8048727 -0.0008797 0 0.2052721 0.0000000
13.1696076 0.7976036 -0.0217995 0 0.1463407 0.0000000
12.8905246 0.7089309 -0.0545979 0 0.1429681 0.0085470
12.5936691 0.7129000 0.0053361 0 0.4202466 0.0000000
8.8233535 0.7585400 0.1028536 0 0.5248195 0.0000000
0.0000000 0.8488327 0.1022455 0 -1.0000000 0.0000000
12.3317665 0.8665836 -0.1029127 0 1.5798619 0.0000000
11.2568325 0.8133882 0.0457084 0 1.1588589 0.0000000
12.6164490 0.9366364 0.0777068 0 0.5527206 0.0000000
12.5318919 0.8812782 -0.0644154 0 0.4462466 0.0000000
12.7150295 0.8476355 -0.0751806 1 0.1637526 0.0000000
11.6911135 0.7559882 -0.0605965 0 0.5685463 0.0000000
10.8247061 0.8094018 0.1535682 0 1.1803546 0.0000000
9.6987363 0.8870000 -0.0541293 1 1.6700967 0.0000000
10.3048442 0.7932682 -0.0986864 0 2.3822900 0.0000000
12.2763680 0.7280691 0.0022342 0 1.0345760 0.0000000
13.0544121 0.7280545 0.0034207 0 0.1301408 0.0000000
13.1850320 0.7033473 -0.0160582 1 0.1471248 0.0000000
13.0659729 0.7107945 -0.0174652 0 0.2166744 0.0000000
12.3785585 0.7151682 0.0704729 0 0.5476036 0.0000000
12.4011582 0.8243309 0.0013792 1 0.6136846 0.0000000
12.8521256 0.7534109 -0.0803775 0 0.4570951 0.0050761
13.0688423 0.6709500 -0.0701833 0 0.1858910 0.0000000
13.2775552 0.6448091 0.0949191 0 0.1796873 0.0000000
13.2052347 0.7680664 -0.0445683 1 0.2605294 0.0000000
11.0204472 0.7319064 0.0582426 0 0.9588397 0.0000000
13.0368164 0.8102527 0.1161927 1 0.2049988 0.0000000
13.4960364 0.8370236 -0.0483639 0 0.1805844 0.0042373
13.1901211 0.7478191 -0.0306492 0 0.1497895 0.0000000
13.6783578 0.8541245 0.0590909 0 0.1972721 0.0000000
13.6814682 0.8385064 -0.0526970 1 0.1730417 0.0062893
13.6370165 0.7960709 0.0244559 0 0.1436059 0.0000000
13.9483608 0.8209636 -0.0610110 1 0.1288085 0.0000000
13.8378345 0.7225127 -0.0101733 0 0.2006461 0.0000000
14.0575190 0.8288336 0.1078655 0 0.1417296 0.0044248
13.9033685 0.8377855 -0.0481967 1 0.1693446 0.0022075
14.1354272 0.8322245 0.0531295 1 0.2069136 0.0000000
14.0702311 0.8698855 0.0462322 0 0.1805807 0.0000000
13.9145003 0.8803755 -0.0723571 0 0.1330502 0.0058823
14.3096621 0.8304109 -0.0234186 0 0.1806438 0.0015798
14.3589650 0.8594282 0.0115212 0 0.1499260 0.0000000
13.7044930 0.7852745 0.0191109 0 0.1358522 0.0000000
13.9672071 0.8520927 -0.0443235 0 0.4366403 0.0053191
13.8832673 0.7816927 -0.0023038 0 0.1450390 0.0000000
14.2258843 0.8219509 -0.0299753 0 0.3003825 0.0000000
12.7150295 0.7011391 -0.0962827 0 0.8335684 0.0034722
13.6156867 0.7190827 0.1238782 0 0.7006038 0.0000000
12.3377367 0.8206727 0.0176445 1 0.5550001 0.0000000
14.0543156 0.7577791 -0.0790211 0 0.4020562 0.0017182
14.2836431 0.7638645 0.0730869 11 0.1664658 0.0000000
13.8378345 0.7939464 -0.0908239 0 0.2905026 0.8596490
12.3377367 0.7530845 0.1222655 0 0.6255969 1.0000000
11.4622741 0.8227836 -0.0636405 0 1.9612407 0.0000000
9.9218676 0.7446727 -0.0719368 0 8.6319000 0.0000000
0.0000000 0.7501236 0.0613982 0 0.0000000 0.0000000
0.0000000 0.7921418 0.0064578 0 0.0000000 0.0000000
0.0000000 0.7219464 -0.0842984 3 0.0000000 0.0000000
0.0000000 0.6508455 -0.0303376 0 -1.0000000 0.0000000
0.0000000 0.6567482 0.1252427 0 -1.0000000 0.0000000
0.0000000 0.7981373 0.0558674 1 0.0000000 0.0000000
0.0000000 0.8229891 -0.0462513 0 -1.0000000 0.0034130
12.2109856 0.7691873 0.0362018 0 0.2793368 0.0114286
12.8732531 0.8492700 0.0887115 0 0.7535812 0.0089286
11.6445939 0.8854573 -0.0429063 0 1.5232553 0.0021645
14.4186614 0.8141964 -0.0873103 0 0.1644626 0.0016026
14.0723341 0.8697282 0.1617982 1 0.1661436 0.0053763
14.2021822 0.8762300 0.0777291 0 0.1471793 0.0000000
14.4334109 0.9122718 -0.2393191 0 0.1238405 0.0011547
14.6580174 0.7857909 0.1123527 0 0.1321678 0.0000000
14.4958425 0.9004309 -0.0665571 0 0.1826727 0.0000000
14.5921525 0.7714264 0.0441895 0 0.2569891 0.0000000
14.6474353 0.9563618 0.1198564 0 0.1670560 0.0000000
13.6123645 0.8991909 -0.1237427 0 0.3690580 0.0013550
14.5329713 0.7945909 -0.1320436 0 0.2906143 0.0018051
14.2507966 0.7575945 0.0539134 0 0.3226581 0.0000000
13.9845586 0.8147273 0.0428682 0 0.4028797 0.0000000
13.4363460 0.8635318 0.0253817 0 0.6101131 0.0000000
13.3999784 0.8156645 -0.0671709 0 0.6431131 0.0016367
14.4999605 0.8737064 0.1841573 0 0.1651022 0.0027322
13.3707489 0.9335736 -0.0443552 0 0.1644689 0.0000000
14.0838225 0.8524500 -0.1154245 0 0.4027541 0.0000000
12.9340825 0.8323273 0.0129225 0 0.9818537 0.0000000
12.8305421 0.8243745 -0.0539670 0 1.5632297 0.0000000
12.0012662 0.7892782 0.0864549 0 1.8982160 0.0000000
12.4607963 0.8157045 -0.0667188 0 2.1053804 0.0000000
12.6119343 0.7894255 0.0007547 0 2.5812408 0.0000000
12.7897202 0.7752445 -0.0532539 0 1.9159562 0.0000000
12.6387216 0.7188436 0.0321456 0 1.7036011 0.0000000
11.6564282 0.8510391 0.0251502 0 1.6446400 0.0000000
12.3495711 0.7212973 -0.1042700 1 2.4586937 0.6282720
12.6474935 0.7910282 0.1763182 1 1.7275028 1.0000000
0.0000000 0.8435464 0.0511232 3 -1.0000000 0.0000000
0.0000000 0.8268855 -0.1772673 0 -1.0000000 0.0078125
12.9175532 0.7334173 -0.0168228 0 0.1530382 0.0045045
13.0915062 0.7614918 0.0792414 0 0.1926706 0.0000000
12.1410273 0.8256409 -0.0214734 1 0.6231090 0.0000000
12.4502142 0.7068464 -0.0803089 0 0.6341331 0.0000000
13.5182185 0.7198200 0.0118822 0 0.7907441 0.0000000
7.2145044 0.8067509 0.1608273 1 2.1396200 0.0000000
11.6082266 0.8290064 -0.0778512 0 1.1573323 0.0000000
12.4712675 0.7481245 -0.0743134 0 0.3749696 0.0000000
12.7231596 0.8038409 0.1351845 0 0.4732052 0.0000000
12.8232428 0.8081645 -0.1047382 1 0.3586333 0.0000000
13.3406391 0.7697000 0.0144876 0 0.2183986 0.0000000
9.9864031 0.7797473 -0.0143245 1 0.4659514 0.0074906
13.3917139 0.7649945 0.0916391 0 0.1871660 0.0000000
12.8047580 0.8462564 0.0014351 0 0.2243169 0.0000000
12.7392242 0.8164173 -0.0481647 0 0.6590926 0.0051282
13.3118442 0.7497355 -0.0610371 0 0.3201920 0.0034014
13.5381286 0.8029900 0.0993373 0 0.1352264 0.0000000
13.1460154 0.7868318 -0.1053545 1 0.2905736 0.0000000
13.3707489 0.7551645 0.0264487 0 0.2237363 0.0042194
13.4163053 0.7871345 -0.0292605 1 0.2207134 0.0000000
13.2982694 0.7674345 0.0903140 0 0.2912797 0.0000000
13.3707489 0.8351327 -0.0189197 0 0.1804363 0.0000000
13.5594060 0.7753573 -0.0708251 0 0.1674866 0.0000000
13.8149994 0.7205100 -0.0069382 0 0.1502063 0.0000000
13.1799169 0.7128436 -0.0122001 1 0.2626660 0.0000000
12.3554362 0.7500491 0.0689241 0 1.2656501 0.5238100
8.3126260 0.8316582 0.0772473 0 2.6134400 1.0000000
11.0424257 0.7385491 -0.2168436 1 2.5810157 0.6101690
11.3246542 0.7046545 0.1522118 0 2.8284252 0.0000000
7.2145044 0.8327209 0.0558628 1 0.1353460 0.0000000
12.9789617 0.8380464 -0.1122436 0 0.4012806 0.0000000
13.5819568 0.7494891 0.0213720 0 0.1972905 0.0000000
13.1670136 0.8319255 0.1208609 0 0.1733016 0.0000000
11.7676530 0.7647273 -0.0993473 1 1.0583710 0.0076336
13.0456529 0.7630045 0.0628276 0 0.5411215 0.0086956
13.1875798 0.8738791 0.0140286 1 0.2166699 0.0000000
13.2201233 0.8974691 0.0460134 0 0.2607948 0.0041494
13.4403064 0.8541409 -0.0454657 0 0.2017969 0.0000000
13.5523637 0.8327573 -0.0430613 1 0.1698402 0.0000000
12.4816303 0.8087309 -0.0099634 1 0.3720152 0.0000000
12.1041230 0.7975755 -0.0039142 0 1.0308112 0.0000000
11.0639316 0.7935600 -0.0075178 0 1.1856412 0.0000000
10.5810895 0.8421245 0.0349734 1 1.9616131 0.0000000
11.8189459 0.7945809 -0.0969218 0 3.0187565 0.0000000
12.0813084 0.7554682 0.1432318 0 0.4316860 0.0333333
11.0204472 0.8211945 -0.0972909 1 1.0398171 0.0000000
10.9514555 0.7629100 0.0271430 0 1.9666057 0.0000000
12.0340558 0.7703536 0.0243913 1 2.6104530 0.0000000
13.2323633 0.7223509 -0.0921700 0 0.9407509 0.0387097
12.7628473 0.7757127 0.1473564 0 0.2041272 0.0000000
12.7150295 0.8407255 -0.1020718 1 0.3084582 0.0000000
13.0630952 0.7755164 -0.0286126 0 0.3159991 0.0000000
12.6254176 0.7054555 -0.0639351 0 0.6221296 0.0000000
12.8449827 0.7762755 0.1722009 0 0.6038256 0.0000000
13.4343599 0.7421964 -0.0882081 1 0.2872969 0.0041667
13.1747755 0.7186364 -0.0841134 0 0.1788071 0.0000000
12.6605089 0.6891327 0.0155898 0 0.6527795 0.0000000
10.9514555 0.7468955 0.0719360 1 0.9612549 0.0000000
11.8772143 0.8271555 -0.0184203 1 1.9493235 0.0000000
12.6119343 0.6636582 -0.1274455 0 0.9506280 0.0000000
8.6002467 0.6307445 -0.0021190 0 -1.0000000 0.0104167
11.0424257 0.6683164 0.0438083 0 0.2199289 0.0000000
13.2658592 0.7213227 0.1366409 1 0.4365193 0.0000000
13.1901211 0.7908718 0.0263837 0 0.1801919 0.0092593
12.3436714 0.8030936 -0.0604582 0 0.3158051 0.0065359
12.6119343 0.8101409 0.0917982 0 0.3267906 0.0000000
12.5269779 0.8961400 0.0302076 0 0.5449515 0.0083333
12.8084824 0.8371055 -0.1391436 0 0.3266510 0.0078740
12.6561892 0.8211064 0.1899864 0 0.3729650 0.0000000
12.6985683 0.9507709 -0.0403787 0 0.2323446 0.0000000
13.0830673 0.8665809 -0.0911536 0 0.1986059 0.0037037
13.4675985 0.8133145 0.0551041 0 0.1245461 0.0000000
12.7312242 0.8144045 -0.1323664 0 0.3371842 0.0000000
12.1625334 0.7668464 0.0887397 0 0.8173575 0.0049020
12.6985683 0.7970227 -0.0479743 0 0.2008810 0.0000000
0.0000000 0.8101255 0.0529645 0 -1.0000000 0.0000000
12.2700188 0.8062909 -0.1154409 0 -1.0000000 0.0000000
12.4660456 0.7487082 0.1285327 0 1.2222619 0.0000000
12.5561061 0.8157727 -0.1373445 1 0.3192972 0.0000000
13.1109242 0.6333191 -0.1025982 0 0.2249150 0.0000000
13.1299724 0.5962382 -0.0107705 1 0.1736911 0.0769231
10.8247061 0.6091509 0.0510130 0 1.3035020 0.0000000
11.5445113 0.6551955 0.0304331 0 3.4465807 0.0000000
0.0000000 0.7465464 0.1031891 0 -1.0000000 0.0000000
0.0000000 0.8139445 0.1701973 11 -1.0000000 0.0000000
11.9759485 0.8173164 -0.2128973 0 0.8359253 0.0000000
12.4448809 0.7424055 0.0414321 0 0.1561730 0.6056340
10.7691374 0.7835655 -0.0393285 3 0.0000000 0.0000000
0.0000000 0.7773327 0.0980855 0 -1.0000000 0.0000000
0.0000000 0.7965782 -0.0891274 0 -1.0000000 0.0000000
11.4478855 0.7375127 -0.0380269 0 0.0000000 0.0000000
0.0000000 0.7340536 0.0775319 0 -1.0000000 0.0000000
9.4110747 0.7728782 -0.0144323 1 0.6815607 0.0000000
11.3081251 0.8044055 0.0194096 0 1.5971173 0.0000000
12.8767313 0.7243718 -0.0825618 0 0.3921341 0.0000000
12.9945141 0.6417073 -0.1139327 0 0.1947891 0.0000000
12.8870941 0.6088055 0.0237031 0 0.2486555 0.0000000
11.9587068 0.7540436 0.1703127 0 0.3640942 0.0000000
12.0095649 0.6996436 0.0325572 1 1.1548245 0.0000000
11.5575833 0.8254327 -0.0607437 0 0.1274266 0.0000000
12.8836518 0.7291864 -0.0140649 0 0.2092911 0.0000000
13.2299273 0.8004127 0.1345655 1 0.1467690 0.0000000
13.0397706 0.8663900 -0.0099132 0 0.1508135 0.0000000
13.1824778 0.8155482 -0.1387464 0 0.2110831 0.0034130
13.5629086 0.7499655 0.0386323 1 0.1435104 0.0000000
13.3622382 0.7960618 0.0551784 0 0.1985861 0.0085470
13.5053388 0.7493336 -0.1091436 0 0.2581522 0.0000000
13.2982694 0.7652300 0.1651282 0 0.2562701 0.0000000
13.4656736 0.8338245 -0.1918145 0 0.2555946 0.0035587
13.2611422 0.6554845 -0.0719981 1 0.2222586 0.0063898
13.8730632 0.6955009 0.1706245 0 0.6046851 0.0000000
11.0849847 0.7273336 -0.0102412 0 1.7915177 0.0000000
11.4184719 0.8615600 0.0696087 1 0.8648240 0.0000000
13.2798781 0.8907009 0.0645320 0 0.2149904 0.0000000
13.8258103 0.8719582 0.0453485 0 0.1282279 0.0000000
13.8562561 0.9631291 -0.0112520 0 0.1477346 0.0000000
13.7804418 0.8348809 -0.1781927 0 0.1929600 0.0064103
14.0294091 0.7655809 0.0161788 0 0.1355107 0.0000000
13.8258103 0.7781064 -0.0231314 0 0.2321662 0.0000000
12.9975958 0.6663373 -0.1639591 1 0.4887337 0.0077220
13.4203457 0.6014264 0.0074841 0 0.4571452 0.0000000
10.7102982 0.6803373 0.0930445 0 1.2107678 0.0000000
0.0000000 0.6916282 0.0415573 1 -1.0000000 0.0000000
12.3257605 0.7623918 0.0436630 1 -1.0000000 0.0042017
13.0067842 0.8105364 0.0443082 0 0.2729317 0.0000000
13.4790709 0.7732300 -0.1033991 0 0.1973303 0.0000000
13.5767977 0.7333809 0.0396238 0 0.1552688 0.0000000
11.5312662 0.7864827 0.0312108 0 0.3822237 0.0000000
12.3842565 0.7777882 0.0209465 1 1.2330511 0.0000000
13.5291276 0.7984064 -0.0661088 0 0.2517677 0.0000000
13.9471711 0.7169045 0.0305713 0 0.2580477 0.0026178
13.7475582 0.8198709 0.1149573 0 0.2356011 0.0067568
13.0774016 0.8488545 -0.0961464 0 0.6256474 0.0000000
14.1966317 0.7710718 -0.0152194 0 0.1200687 0.0000000
14.1510831 0.8054836 0.0225061 0 0.1612377 0.0036900
14.1510831 0.7069455 -0.1416745 0 0.1523307 0.0000000
14.3542219 0.7212845 0.1422709 0 0.1597852 0.0000000
13.8510273 0.8544009 0.0670018 0 0.2229413 0.0017361
14.2708059 0.8401882 -0.0473865 0 0.1760099 0.0000000
14.3652543 0.8184727 -0.0239626 0 0.1452519 0.0014620
14.4171744 0.7218100 -0.0452460 0 0.1649399 0.0000000
14.4644043 0.8540945 0.0878515 0 0.1221339 0.0014409
14.4479460 0.8418264 -0.0270204 0 0.1600971 0.0000000
14.5946478 0.8085709 -0.0664054 1 0.1277326 0.0000000
13.8068139 0.6779700 -0.0987255 1 0.1457629 0.0839695
13.8040704 0.7197918 0.0837843 1 0.4391453 1.0000000
11.8581663 0.7050882 -0.0439616 0 0.7245253 1.0000000
