11.1258208 0.8323445 0.0785066 0 0.1442733 0.0000000
12.5703581 0.8933727 -0.0443518 0 0.3570861 0.0000000
13.2728932 0.8119491 -0.0761572 0 0.3627222 0.0039683
12.5020391 0.7897245 0.0686308 0 0.2219852 0.0000000
13.1433594 0.8489345 0.1028736 0 0.8863369 0.0000000
13.0602092 0.9265027 -0.0272620 0 0.5701891 0.0000000
12.5120894 0.8810864 -0.0242120 0 0.8476155 0.0000000
12.2763680 0.8911236 0.0225810 0 0.6350911 0.0000000
11.4034342 0.9028355 -0.0114205 0 1.5329740 0.0000000
11.9411626 0.8548909 -0.0618938 0 1.5819439 0.0000000
12.5982667 0.8334400 0.0030921 0 0.8197348 0.0000000
11.6796849 0.8323655 -0.0001752 1 0.6335728 0.0000000
11.0639316 0.7963436 -0.0826762 0 1.8469650 0.0000000
9.7787743 0.7564236 0.0122215 0 1.8971410 0.0000000
10.4718932 0.7800200 0.0417541 1 0.3653247 0.0000000
10.9979747 0.7555591 -0.0647755 0 1.9366721 0.0507246
12.8047580 0.7602955 0.0644805 0 0.6775121 1.0000000
11.2568325 0.7647327 -0.0181471 2 0.0000000 1.0000000
0.0000000 0.7562418 0.0256283 0 0.0000000 0.0000000
0.0000000 0.8234600 0.0023678 0 0.0000000 0.0000000
0.0000000 0.7920882 -0.0493212 1 -1.0000000 0.0000000
9.1597836 0.7346918 -0.0643047 0 0.1941353 0.0000000
11.1650262 0.7484564 0.1364100 0 0.3050566 0.0000000
10.8513738 0.8143255 -0.0479595 1 1.1315753 0.0000000
11.0639316 0.7363855 -0.1360900 0 1.5509438 0.0000000
12.1973800 0.6823755 0.1518427 1 1.0064134 0.0000000
12.1696006 0.8320100 0.0470328 0 0.3344698 0.0086956
12.1625334 0.8579955 0.0383543 0 0.2276445 0.0000000
11.1056036 0.8445955 -0.0696748 0 0.7279551 0.0000000
11.5312662 0.8286000 0.0066033 0 0.8198439 0.0000000
11.4622741 0.8119464 -0.0281310 0 0.6191034 0.0000000
11.3726629 0.7669364 -0.0650117 0 0.9108922 0.0000000
10.8247061 0.7429982 -0.0156772 0 0.9623701 0.0000000
10.9026662 0.7157864 0.0000106 1 1.1574754 0.0000000
10.1041810 0.7180364 -0.0107656 0 1.8340186 0.0000000
11.9499732 0.7160991 0.0556390 0 0.8009883 0.0185185
12.1905071 0.7863155 0.0278207 1 0.1791151 0.0000000
12.4341281 0.8162945 -0.0173189 0 0.1497779 0.0000000
11.5575833 0.7476873 -0.0537943 0 0.4676204 0.0000000
11.5042378 0.6954100 -0.0062434 0 0.8811296 0.0000000
10.3918528 0.7423045 0.0259887 1 0.9924065 0.0000000
11.5042378 0.7814782 0.0582181 0 1.4221741 0.0000000
12.2442110 0.8508609 0.0695531 1 0.2624435 0.0000000
12.7511055 0.8836409 0.0940600 0 0.3129147 0.0000000
12.0095649 0.8679700 -0.1898318 0 0.2140098 0.0000000
12.6860421 0.7388555 -0.0478175 0 0.2903410 0.0000000
12.0177954 0.8214309 0.1721891 1 0.0000000 0.0000000
0.0000000 0.8873264 -0.0994118 0 -1.0000000 0.0000000
12.4712675 0.7939845 0.1496482 0 1.2355488 0.0000000
12.1905071 0.9058255 -0.1169500 0 0.2805035 0.0000000
11.6796849 0.7700973 -0.1063209 0 1.0118159 0.0000000
11.6681242 0.7637255 0.0507427 0 0.7911719 0.0000000
10.2583258 0.7319082 -0.0576938 1 1.6825150 0.0000000
10.0470250 0.8484236 0.1543018 0 2.3670760 0.0000000
11.4332868 0.8383855 -0.0472130 0 4.1421966 0.0000000
10.6477793 0.8541673 0.0131862 1 2.9184656 0.0000000
9.0056505 0.8261055 -0.0136535 0 1.4003832 0.0000000
12.5561061 0.8328409 0.0019503 0 0.3202875 0.0000000
12.7312242 0.8512582 0.0218991 0 0.3243382 0.0000000
12.4067292 0.8587691 0.0086929 0 0.1802283 0.0000000
12.8521256 0.8337973 -0.0771538 0 0.2696010 0.0000000
11.9411626 0.7633118 -0.0041107 0 0.5301837 0.0000000
12.2826771 0.7763027 0.0183337 1 0.4332515 0.0000000
12.0259587 0.7955627 0.0064847 0 0.7596707 0.0000000
12.6605089 0.8027473 0.0121286 0 0.3457953 0.0000000
13.1486645 0.7957227 0.0219384 1 0.1283827 0.0000000
12.9486455 0.8561073 0.0188423 0 0.1256160 0.0000000
12.8870941 0.8568991 -0.0627043 0 0.1516209 0.0097087
12.4177790 0.7588391 -0.0135836 0 0.2714793 0.0000000
12.2889467 0.7635636 -0.0135914 0 0.2855015 0.0000000
11.1456084 0.8151700 0.1301964 1 0.9740540 0.0000000
11.8581663 0.8790873 -0.0462427 0 1.4226267 0.0000000
11.3726629 0.8409255 0.0055646 1 0.8034929 0.0000000
12.2507257 0.8671209 0.0239141 0 0.3230454 0.0000000
12.0965758 0.8585364 -0.0841560 0 0.3755184 0.0000000
12.3257605 0.8050491 0.0487911 0 0.2934299 0.0000000
12.0012662 0.9163982 0.0903336 0 0.2431594 0.0000000
12.6209434 0.8913564 -0.0833309 0 0.1902051 0.0000000
12.6298720 0.8130055 -0.0546801 0 0.2374295 0.0000000
12.7821156 0.7643882 -0.0491856 0 0.1587158 0.0000000
11.6681242 0.7712955 0.0270983 11 0.5573755 0.3243240
12.1116136 0.7474618 -0.0576521 0 0.3533269 1.0000000
9.7787743 0.7129418 0.0068647 3 0.0000000 1.0000000
0.0000000 0.6904655 -0.0473805 0 0.0000000 0.0000000
0.0000000 0.6447536 -0.0279980 0 -1.0000000 0.0000000
9.0056505 0.6343300 0.0054146 0 3.8264620 0.0000000
7.2145044 0.6994991 0.1026727 0 3.1189700 0.0000000
7.2145044 0.8318082 0.1037882 1 0.0000000 0.0000000
0.0000000 0.7992727 -0.0849345 0 -1.0000000 0.0000000
9.6117305 0.8265855 0.0839125 0 0.4545131 0.0000000
11.2391331 0.8097509 -0.0781757 0 0.1361720 0.0000000
11.2027660 0.7515591 -0.0286841 0 1.5486888 0.0000000
10.5459991 0.7322173 -0.0156658 0 1.4216484 0.0000000
11.2027660 0.7465382 0.0173943 1 1.7122421 0.0000000
11.3569147 0.7823318 0.0289987 0 0.5688724 0.0000000
11.6681242 0.8605464 0.1094873 1 0.4336033 0.0000000
10.9514555 0.8585664 -0.1149145 0 0.5669195 0.0000000
11.5958041 0.8004445 0.0644334 0 0.1896460 0.0000000
11.1258060 0.8811282 0.1034582 0 0.5422178 0.0000000
11.0424257 0.9000182 -0.0749135 0 0.4906132 0.0000000
11.6911135 0.8624200 0.0096029 0 0.2606213 0.0000000
11.0849847 0.7885982 -0.1193645 0 0.3141956 0.0000000
10.5459991 0.7641373 0.1127855 0 0.8508343 0.0000000
10.9749855 0.8504164 -0.0213543 0 0.9442283 0.0000000
10.6477793 0.7907655 -0.1207227 1 1.1374822 0.0000000
11.6681242 0.7728664 0.1044827 1 0.2576751 0.0000000
10.4718932 0.8349482 -0.0749648 0 1.3889950 0.0000000
11.4764586 0.7852391 0.0341576 0 0.4223139 0.0000000
11.3409146 0.8009064 0.1370336 1 0.2466738 0.0000000
11.1650262 0.9160182 -0.0383200 0 0.4602108 0.0000000
11.1840741 0.8540027 -0.0807806 0 0.4530891 0.0000000
11.7884869 0.8119682 0.0013268 0 0.2102420 0.0000000
11.6204965 0.7689782 -0.0520931 0 0.4121073 0.0000000
11.2568325 0.7492891 -0.0991336 0 0.6459399 0.0000000
12.1337546 0.6606709 0.0158929 1 0.1508527 0.0000000
11.6911135 0.6745227 0.0311059 0 0.2490467 0.0344828
11.3409146 0.7395373 0.1588527 1 0.8123478 0.0000000
11.0849847 0.8288545 0.0068017 0 -1.0000000 0.0185185
11.6681242 0.8717855 -0.0137979 0 0.3758942 0.0000000
12.5797478 0.8465445 -0.0144878 0 0.1158532 0.0000000
12.9241978 0.8320164 -0.0337863 0 0.1198746 0.0000000
13.1054146 0.7807845 -0.0125152 0 0.1316827 0.0000000
13.2299273 0.8354673 0.0415318 0 0.1274718 0.0000000
12.7550347 0.7631518 -0.1377564 1 0.4180557 0.0000000
12.5703581 0.7251645 0.0239988 0 0.2798161 0.0000000
11.3409146 0.8147200 0.1744409 1 1.5061700 0.0147059
12.0735864 0.8733864 -0.0769088 0 0.8876670 0.0000000
13.1433594 0.8645427 -0.0064494 0 0.1120826 0.0000000
13.4263759 0.7949064 -0.0313192 0 0.1548862 0.0000000
13.3643726 0.7698864 -0.0503516 0 0.1885441 0.0000000
12.9307984 0.7952100 0.0088791 1 0.3207034 0.0040000
13.4403064 0.7466636 0.0167035 1 0.1761397 0.0000000
12.8305421 0.7697218 -0.0109427 1 0.2171556 0.0000000
7.2145044 0.8005055 0.0828005 1 -1.0000000 0.0000000
7.9072836 0.8196036 0.0433373 0 3.0822600 0.0000000
10.7401505 0.8081482 0.0241015 1 4.0393780 0.0000000
11.8772143 0.8572909 -0.0386343 0 4.2933374 0.0000000
12.0579612 0.8073664 -0.0733598 0 0.1708649 0.0000000
13.0659729 0.7680209 -0.0178460 0 0.3290263 0.0000000
13.3791877 0.7648645 -0.0115278 0 0.2109337 0.0000000
12.9175532 0.7502318 -0.0058744 1 0.4126129 0.0000000
12.8767313 0.7059400 -0.0262568 0 0.5359120 0.0000000
11.8959064 0.7679318 0.1157718 1 0.4155050 0.0142857
12.0177954 0.8508355 0.0240734 0 1.0888537 0.0000000
0.0000000 0.8383900 -0.0776886 0 -1.0000000 0.0000000
13.4163053 0.7821545 0.0278336 0 0.5890615 0.0000000
12.9007462 0.8679127 0.0730257 0 0.7479409 0.0000000
12.4122694 0.8178564 -0.1353691 0 0.6287964 0.0000000
12.6605089 0.7670100 0.0058709 0 0.6004371 0.0000000
11.2913182 0.8483327 0.1304609 0 1.1258138 0.0000000
12.5220397 0.7817036 -0.1278655 1 0.7173159 0.0000000
10.6477793 0.7857145 0.0917000 0 0.3727710 0.0000000
12.2889467 0.9256473 0.0399645 1 0.5740947 0.0000000
12.0813084 0.8197527 -0.0596851 0 0.3079180 0.0000000
11.0639316 0.8053582 -0.0486925 0 0.2692380 0.0000000
12.4177790 0.8598018 0.0552825 0 0.2537627 0.0000000
12.7191028 0.8477855 -0.0239549 0 0.1315694 0.0000000
12.9108643 0.7701673 -0.0580248 0 0.1258663 0.0000000
12.6605089 0.7538591 0.0274791 1 0.1523726 0.0000000
11.5178434 0.7682664 -0.0318733 0 0.6475738 0.0000000
12.3136392 0.7760900 -0.0254765 1 0.6484513 0.0000000
12.4448809 0.7221136 -0.0069677 0 0.7923285 0.0000000
10.6149902 0.7684909 0.1177609 1 2.6786800 0.0000000
10.1582460 0.8104764 -0.0193401 0 1.9985218 0.0000000
10.1582460 0.8293864 -0.0017175 0 0.9721451 0.0000000
11.3409146 0.8269027 0.0142045 0 0.3864771 0.0000000
11.1258060 0.8594518 0.0487099 0 0.9381078 0.0000000
11.0849847 0.8057445 -0.1154155 0 0.7471893 0.0000000
11.2027660 0.8924191 0.1633900 0 0.1701096 0.0000000
11.1258060 0.8783827 -0.1285027 0 0.5246680 0.0000000
12.0012662 0.7628209 -0.0123030 0 0.6748710 0.0000000
11.7676530 0.7735318 0.0432958 0 0.1530168 0.0000000
11.2027660 0.7995436 -0.0901681 0 1.1937679 0.0000000
12.1625334 0.7352827 0.0005718 1 0.3693697 0.0000000
11.8288961 0.7430609 0.0041103 0 0.2309174 0.0000000
12.1625334 0.8072891 0.1252209 1 0.4861063 0.0000000
12.2826771 0.8340018 -0.0271856 0 0.3317486 0.0000000
11.8677357 0.8793264 -0.0059974 0 0.3833446 0.0000000
11.0639316 0.7740000 -0.0883988 0 1.0427793 0.0000000
11.7246359 0.7706636 0.0387619 1 0.4060614 0.0000000
11.1456084 0.8038209 -0.0032016 0 1.2716209 0.0000000
10.6149902 0.8456418 0.0624530 0 0.2729423 0.0000000
10.8247061 0.7950509 -0.0903216 0 1.1296908 0.0000000
10.6477793 0.7419627 -0.0428703 0 3.0717587 0.0000000
10.6149902 0.7109445 -0.0078117 0 3.2914700 0.0000000
9.8528782 0.7680018 0.1060645 0 3.4143450 0.0000000
10.3048442 0.8373727 0.0948309 0 3.4327675 0.0000000
11.2027660 0.8862236 -0.0284596 0 1.0838453 0.0000000
11.9673648 0.8353155 -0.0682723 0 0.2034403 0.0000000
10.9749855 0.7902536 -0.0162753 0 0.3914709 0.0000000
10.5810895 0.8157827 0.0419143 0 1.2763488 0.0000000
10.9273583 0.8311745 -0.0043087 0 1.3225431 0.0000000
11.8088956 0.8587982 0.0444107 0 0.4202994 0.0166667
11.9411626 0.8410364 -0.0863620 0 0.3004482 0.0000000
11.9051229 0.7639791 -0.0265945 1 0.2306624 0.0000000
10.0470250 0.7877536 0.0193543 0 1.0329681 0.0000000
11.4622741 0.8342227 0.0939264 0 1.4906341 0.0000000
10.7102982 0.8631582 -0.0001705 0 0.5199103 0.0000000
10.8773488 0.8174636 -0.1071436 0 1.0494490 0.0000000
9.9218676 0.7506636 -0.0435655 0 1.6133800 0.0000000
10.4718932 0.7284218 0.0081720 0 1.8475520 0.0000000
9.6117305 0.7310018 -0.0731198 1 1.9945500 0.0000000
9.8528782 0.7111918 0.0778852 0 -1.0000000 0.0000000
11.8866040 0.7330518 -0.0026736 0 0.3793777 0.0000000
12.2109856 0.7871082 0.1025045 1 0.2501690 0.0000000
12.6298720 0.8435773 0.0078246 0 0.3102314 0.0000000
12.0420879 0.8022045 -0.0164598 0 0.2886094 0.0000000
11.9928980 0.8103855 -0.0414091 0 0.2906966 0.0000000
11.2027660 0.7118136 -0.0756413 0 0.7735246 0.0000000
11.4332868 0.7783509 0.1292600 0 0.8685600 0.0000000
10.9514555 0.8371973 -0.0157764 0 1.3335767 0.0000000
11.7987433 0.8469718 0.0605100 0 0.7219510 0.0000000
11.5445113 0.9053382 0.0387879 0 0.5617163 0.0000000
11.9322738 0.9010318 -0.0400562 0 0.2019685 0.0000000
12.0420879 0.8369473 -0.0626831 0 0.1542108 0.0000000
11.8485044 0.8499327 0.0468218 1 0.1805826 0.0000000
9.5164270 0.8328455 -0.0274829 0 0.9461348 0.0000000
11.8088956 0.9000173 0.0568215 0 0.2879612 0.0000000
10.6477793 0.8929845 -0.0133428 0 0.3773810 0.0156250
10.0470250 0.8336882 -0.0566321 0 1.2382800 0.0000000
11.2742240 0.7965218 -0.0355533 0 0.8854191 0.0000000
12.1190485 0.7920555 0.0466893 0 0.3113341 0.0000000
12.3899222 0.7876018 -0.1010627 0 0.1475885 0.0000000
12.4764623 0.7358264 0.0261394 0 0.1618160 0.0000000
12.0095649 0.7949609 0.0770175 0 0.2652209 0.0000000
11.8772143 0.7795936 -0.1019445 1 0.4832619 0.0000000
12.2177196 0.6901391 -0.0023154 0 0.5412626 0.0000000
10.2095374 0.7855927 0.1437791 1 0.6954603 0.0000000
12.3436714 0.8161527 -0.1111700 0 0.1931591 0.0000000
11.4034342 0.7631200 -0.0043531 0 0.5086038 0.0000000
12.1410273 0.7964145 0.0685413 0 0.2714219 0.0000000
11.0204472 0.8374273 0.0529509 0 0.7994070 0.0000000
11.8189459 0.8611309 -0.1185773 1 0.5180749 0.0000000
11.4332868 0.7720436 -0.0073287 0 0.7354666 0.0000000
11.5704866 0.9252182 0.1716564 0 0.3067621 0.0151515
12.3785585 0.8736000 -0.0912464 1 0.1846514 0.0000000
11.0204472 0.7789845 -0.0317122 0 0.2078551 0.0000000
12.2889467 0.8538436 0.0204365 1 0.2002477 0.0000000
11.3081251 0.7431918 -0.1116236 0 0.6877868 0.0250000
12.2042059 0.7535145 0.0483703 0 0.1659180 0.0000000
12.5170769 0.7553573 -0.0022799 1 0.2529854 0.0000000
12.6561892 0.7243218 -0.0475680 0 0.2085190 0.0000000
12.1410273 0.7390791 0.0199215 1 0.4208528 0.0000000
10.9749855 0.7502500 0.0522584 0 0.8873276 0.0117647
12.2310530 0.7690936 -0.0546310 0 0.1995892 0.0000000
12.8801975 0.7855573 0.0358803 1 0.1876323 0.0000000
12.0420879 0.7037400 -0.0921482 0 0.5403271 0.0000000
12.4764623 0.7835600 0.1233809 1 0.3308921 0.0000000
11.4904447 0.8346773 0.0483643 0 0.9580310 0.0000000
12.1696006 0.8473282 -0.0080297 0 0.2733780 0.0000000
12.1554160 0.8565155 -0.0345095 0 0.3321156 0.0000000
12.1554160 0.7690355 -0.0420585 0 0.2263506 0.0000000
11.7781242 0.8382673 0.0695725 0 0.2090563 0.0000000
12.2889467 0.8304600 -0.0312946 1 0.1376353 0.0000000
12.0012662 0.7427791 -0.1074355 0 0.1811788 0.0000000
12.5464907 0.8124764 0.1296536 1 0.2164517 0.0112360
12.2109856 0.8156500 0.0127975 0 0.2082369 0.0000000
12.0259587 0.8665382 0.0095689 0 0.6799766 0.0000000
12.6387216 0.8962918 0.0663892 0 0.2970152 0.0123457
11.7246359 0.8354609 -0.0866241 0 0.4528107 0.0000000
12.7068328 0.8210836 0.0716008 0 0.3038468 0.0000000
11.8387483 0.9635500 0.0897952 0 0.5815924 0.0000000
11.5704866 0.9332909 -0.0712116 0 0.7404516 0.0000000
12.5020391 0.8696464 -0.0844316 0 0.2854694 0.0000000
12.4660456 0.8120682 -0.0564929 1 0.3217416 0.0000000
11.7884869 0.8095582 0.0600916 0 0.6358224 0.0000000
10.8513738 0.8456409 0.0168293 0 0.8737945 0.0000000
12.4918867 0.8383318 0.0309765 0 0.1684011 0.0000000
12.7432003 0.8815318 -0.0635522 0 0.1740744 0.0000000
12.7432003 0.7986264 -0.0727818 0 0.1773980 0.0000000
12.6119343 0.7682464 0.0299855 0 0.1352978 0.0103093
12.6387216 0.8087191 0.0740812 0 0.3673842 0.0000000
12.9975958 0.8525745 -0.0137736 0 0.1719203 0.0000000
13.3896371 0.7726591 -0.0970764 0 0.1349590 0.0000000
13.1824778 0.7832173 0.0368415 0 0.2014550 0.0000000
12.4395189 0.8298500 0.1440673 0 0.4866466 0.0000000
12.2571982 0.9126800 -0.0331513 0 0.4772409 0.0000000
12.0340558 0.8430573 -0.0939391 0 0.9894069 0.0000000
12.4341281 0.8117245 0.0006378 0 0.5014766 0.0000000
12.8195731 0.7956436 0.0250947 0 0.2872004 0.0000000
11.5042378 0.8027182 0.0046781 0 0.9720096 0.0000000
11.8959064 0.8242027 -0.0339262 0 0.2396896 0.0000000
12.4232585 0.8125555 -0.0159028 0 0.4622588 0.0000000
12.3495711 0.7899636 0.0012272 0 0.4133073 0.0000000
12.3257605 0.8034291 0.0269026 0 0.4695301 0.0000000
12.4011582 0.8096718 0.0588396 0 0.2931615 0.0000000
12.5464907 0.8317627 -0.0894304 0 0.1770228 0.0000000
12.2244085 0.7946518 0.0429456 0 0.2806949 0.0000000
12.2763680 0.8967745 0.0675873 0 0.3614550 0.0000000
12.4918867 0.8617836 -0.0108823 0 0.2402076 0.0156250
12.7191028 0.8097500 -0.0694076 0 0.1269361 0.0061728
12.9275035 0.8297100 0.0566820 0 0.1350718 0.0000000
13.0308817 0.8729873 0.0133555 0 0.1412477 0.0054645
12.9945141 0.7779427 -0.1550600 0 0.1395386 0.0000000
13.0943034 0.7519164 0.0064751 0 0.2013112 0.0000000
12.5220397 0.8775791 0.1679273 0 0.2645525 0.0000000
12.3554362 0.8801164 -0.0342079 0 0.5438464 0.0000000
13.0802385 0.8186364 -0.0851556 0 0.2830366 0.0000000
13.1721949 0.7824545 -0.0082640 0 0.2072857 0.0000000
13.4637450 0.8000209 0.0649181 0 0.1367933 0.0000000
13.6040102 0.8422473 0.0177347 0 0.1437491 0.0000000
12.4011582 0.7941036 -0.0366229 0 0.5038025 0.0000000
13.1696076 0.8713827 0.1318936 0 0.4509195 0.0000000
12.2442110 0.9170791 -0.0808621 0 0.8459221 0.0000000
13.1433594 0.8560573 -0.0154363 0 0.5145657 0.0055866
12.8732531 0.8473982 0.0027287 1 0.4593294 0.0000000
9.8528782 0.8120182 -0.0583967 0 0.8536095 0.0000000
13.0858882 0.8271282 0.0853867 0 0.5802394 0.0000000
13.0456529 0.8830827 0.0247045 0 0.2802190 0.0000000
11.7987433 0.8884664 -0.0236047 0 0.8317887 0.0000000
10.9514555 0.8166091 -0.0802708 0 1.7351363 0.0000000
10.9273583 0.8359509 0.0143382 0 0.6075596 0.0000000
11.5704866 0.8881364 0.0920573 0 1.2804155 0.0000000
12.6690926 0.9135073 -0.0417699 0 1.1842934 0.0000000
12.5750639 0.8570636 -0.0309732 0 0.1834770 0.0000000
11.9928980 0.8246082 -0.0051370 0 0.1612235 0.0000000
12.7191028 0.8195445 -0.0077248 0 0.1927737 0.0000000
12.2310530 0.8190818 0.0280526 0 0.3546314 0.0000000
10.8247061 0.8561855 -0.0085654 0 0.5427566 0.0000000
10.1041810 0.8459982 -0.0422324 0 1.8531957 0.0000000
12.0889713 0.7902455 -0.0174276 0 0.8201786 0.0000000
11.0424257 0.7764673 0.0001410 0 0.6065299 0.0000000
10.7401505 0.7907018 0.0518716 0 1.3149170 0.0000000
11.6911135 0.8619173 0.0491111 0 1.3071824 0.0000000
11.5042378 0.8647200 0.0083588 0 0.9021899 0.0000000
12.1835867 0.8180518 -0.0996609 0 0.2778726 0.0000000
11.6082266 0.7411218 -0.0751571 0 0.2524041 0.0000000
10.5096324 0.7188636 -0.0116065 0 0.9420217 0.0000000
11.1650262 0.7246109 0.0396811 1 0.5588250 0.0000000
8.6002467 0.7315127 0.0162153 0 1.0207800 0.0000000
11.0204472 0.7482055 0.0291976 1 1.5900671 0.0000000
11.2568325 0.7916245 0.0257845 0 0.5593864 0.0000000
12.2442110 0.8820091 0.0768967 1 0.1178869 0.0000000
12.4287081 0.8431700 -0.0731731 0 0.1298352 0.0000000
10.9026662 0.8109545 0.0180743 0 0.6596627 0.0000000
11.3726629 0.8505491 0.0268820 0 0.9206793 0.0000000
10.7973077 0.8420573 -0.0122696 0 0.8119308 0.0000000
12.4502142 0.8157045 -0.0826272 0 0.1712335 0.0000000
11.9233051 0.7697891 0.0349615 0 0.3216789 0.0000000
11.5445113 0.7566873 -0.0295585 0 0.5273501 0.0000000
11.8772143 0.7161600 -0.0570605 1 0.5720070 0.0000000
12.4067292 0.7219809 0.0548279 0 0.2186822 0.0000000
12.5936691 0.8056882 0.0440487 1 0.1525109 0.0000000
12.9373558 0.7719155 -0.0291295 0 0.1335615 0.0070422
12.6605089 0.7280255 -0.0795796 0 0.2175725 0.0000000
12.2889467 0.7018418 -0.0120979 0 0.2436767 0.0000000
11.4184719 0.7278927 0.0714374 0 0.8383827 0.0000000
10.7691374 0.8091164 0.0801591 0 1.5806692 0.0000000
12.3075230 0.7829755 -0.1269791 1 0.6112768 0.0000000
12.2826771 0.7045955 0.0715135 0 0.4279779 0.0092593
12.5844098 0.7754327 0.0224135 0 0.2234149 0.0086207
12.7550347 0.7781655 -0.0508305 1 0.1379148 0.0000000
12.8377885 0.7721709 -0.0030362 0 0.1808587 0.0000000
11.6445939 0.8092291 0.0481966 0 0.4813369 0.0000000
11.5704866 0.8446673 0.0306197 0 0.7913298 0.0000000
11.9051229 0.8158809 -0.0720150 0 0.3141474 0.0000000
11.6082266 0.8817136 0.2245000 0 1.3715477 0.0000000
11.5575833 0.9516855 -0.0414058 0 0.8484895 0.0000000
12.8592178 0.8758382 -0.1248555 0 0.2863295 0.0000000
12.5070768 0.8070418 -0.0436817 0 0.2205006 0.0000000
12.4232585 0.8165036 0.0659270 0 0.3536000 0.0000000
11.8677357 0.8290455 -0.0326220 1 0.8600257 0.0370370
10.2095374 0.8407955 0.0781218 0 0.3672486 0.0000000
10.9026662 0.8871382 0.0199488 0 1.9309617 0.0000000
12.2763680 0.8127800 -0.1552127 0 0.3708911 0.0153846
12.0012662 0.7572818 0.0209137 0 0.5433590 0.0000000
10.3048442 0.7847664 0.0477555 0 1.3300500 0.0000000
9.8528782 0.8362655 0.0423624 0 1.7935100 0.0000000
11.4034342 0.8119100 -0.1059109 1 0.9536735 0.0000000
10.3918528 0.7843209 0.0043819 0 1.0086274 0.0000000
12.3136392 0.8390109 0.0818292 1 0.2082495 0.0117647
12.4395189 0.8573655 0.0218908 0 0.1335734 0.0000000
11.8288961 0.8649000 0.0151515 0 0.2205354 0.0000000
11.9844592 0.8487309 -0.0115631 0 0.3447837 0.0000000
12.0012662 0.8828709 -0.0277069 0 0.3377120 0.0000000
11.1840741 0.8509100 -0.0347814 0 0.4217080 0.0000000
11.8866040 0.8385391 -0.0019703 0 0.3410291 0.0000000
9.8528782 0.7917455 -0.0046696 0 0.7950677 0.0000000
11.3081251 0.7730436 -0.0041968 0 1.4934691 0.0000000
11.0639316 0.8090000 0.0116215 1 0.9674317 0.0000000
10.9026662 0.7714027 -0.0608283 0 1.1694511 0.0000000
11.0424257 0.7794445 0.0508194 1 1.2826926 0.0000000
10.9979747 0.8653336 0.0698883 0 0.1448910 0.0000000
12.4555192 0.8394045 -0.0565173 0 0.1655575 0.0000000
11.6326178 0.7999791 -0.0729194 0 -1.0000000 0.0000000
11.0849847 0.7300927 -0.0036097 0 -1.0000000 0.0000000
11.1258060 0.7422700 -0.0008707 1 1.0051299 0.0000000
11.0424257 0.8730382 0.1566227 0 1.3232567 0.0000000
12.7935009 0.8409309 -0.1037227 1 0.1846267 0.0000000
13.0943034 0.7577727 0.0138537 1 0.2053666 0.0000000
12.1190485 0.7995691 -0.0173647 0 0.5389882 0.0000000
12.8268991 0.8264355 0.0570185 0 0.2474657 0.0000000
13.4323699 0.8247455 -0.0091862 0 0.1272600 0.0000000
13.5090357 0.8018455 -0.0685309 0 0.1202568 0.0000000
10.7691374 0.7203800 -0.0728868 0 0.3001221 0.0000000
0.0000000 0.7773900 0.1578673 1 -1.0000000 0.0000000
12.0889713 0.7956100 -0.0849685 0 2.1006133 0.0000000
10.8247061 0.8171827 0.0935127 1 2.4928067 0.0000000
12.5750639 0.7623764 -0.1661473 0 1.3388126 0.0000000
13.2151850 0.7314391 0.0391331 0 0.1969260 0.0000000
12.1041230 0.8142309 0.1584700 0 0.1488498 0.0000000
12.3728278 0.7896827 -0.1179209 1 0.7919511 0.0000000
12.5797478 0.8052227 0.0681596 0 0.2362344 0.0000000
12.3436714 0.7458945 -0.1305591 2 0.0000000 0.4615380
0.0000000 0.7527555 0.0670715 0 -1.0000000 1.0000000
10.3918528 0.8464982 0.0884115 1 0.1186805 0.0000000
12.8121930 0.8626164 0.0030270 0 0.1579615 0.0000000
11.5575833 0.8920382 0.0862638 0 0.2238895 0.0000000
12.5070768 0.8878873 -0.0530256 0 0.4896660 0.0000000
12.9041303 0.8525573 -0.0782534 0 0.1234606 0.0000000
13.2959889 0.7875618 -0.0614163 0 0.1246199 0.0000000
13.4203457 0.7460191 -0.0056715 0 0.1296508 0.0000000
13.4403064 0.7483782 -0.0056942 1 0.1805461 0.0000000
12.6518508 0.7512200 -0.0013967 0 0.2818776 0.0000000
10.4718932 0.7103645 -0.0051032 1 0.8891096 0.0000000
11.7135862 0.7705355 0.0551055 0 2.0644480 0.0000000
10.5459991 0.8131600 0.0247331 1 2.3503817 0.0000000
11.9411626 0.7721173 -0.0966936 0 1.9480697 0.0000000
13.0688423 0.7161109 0.0236801 1 0.4711895 0.0187500
12.9975958 0.7939845 0.0755276 1 0.1730879 0.0000000
12.3728278 0.8543791 0.0606876 0 0.3217182 0.0092593
10.4326736 0.8945582 0.0216070 0 1.2829550 0.0000000
11.2391331 0.8725855 -0.0264365 0 0.8162813 0.0000000
9.6117305 0.8891855 -0.0083128 0 1.6130350 0.0000000
7.9072836 0.7923918 -0.0254441 0 2.4575600 0.0000000
11.4034342 0.8518118 0.0817824 0 2.7837522 0.0000000
10.3048442 0.9318891 -0.0118488 0 3.5893420 0.0000000
10.8773488 0.8298373 -0.0986018 0 4.4037630 0.0000000
11.0639316 0.8449473 -0.0026667 0 3.9610533 0.0000000
11.1840741 0.7876027 -0.0372907 0 4.2801758 0.0000000
11.4904447 0.7752591 -0.0067532 0 4.3866333 0.0000000
10.3048442 0.8223127 0.0347616 0 4.2810700 0.0000000
9.9864031 0.8033282 -0.0228297 0 4.3611060 0.0000000
10.3048442 0.8060391 0.0166835 0 4.7100733 0.0000000
10.2583258 0.7709264 -0.0516730 0 5.1765380 0.0000000
9.9218676 0.7834200 0.0598292 0 5.9862050 0.0000000
11.2027660 0.8351973 0.0454642 0 6.3843486 0.0000000
11.1840741 0.8652136 0.0274641 1 5.6091686 0.0000000
9.0056505 0.8262800 -0.0262225 0 0.3227570 0.0000000
12.8010197 0.9255818 0.0743448 1 0.6073940 0.0000000
12.5318919 0.8797700 -0.1263064 0 0.1949485 0.0000000
12.0420879 0.7969527 -0.0372593 0 0.1794249 0.0000000
11.2391331 0.8013791 0.0404940 0 1.2335708 0.0000000
10.3918528 0.7375436 -0.0335690 0 1.5312100 0.0000000
12.4712675 0.7904700 0.0757634 0 0.6688437 0.0107527
11.8387483 0.7914591 -0.1335445 2 0.3762611 0.0000000
7.9072836 0.7351718 0.0400155 0 -1.0000000 0.0000000
7.2145044 0.8172900 0.0974018 2 0.0000000 0.0000000
0.0000000 0.8533391 0.0524737 0 -1.0000000 0.0000000
10.3918528 0.8720818 -0.0491087 0 0.1695502 0.0000000
10.7973077 0.8878900 0.0406901 1 0.6940467 0.0000000
11.3409146 0.8706527 -0.0815036 0 1.1316427 0.3561640
11.7246359 0.8240909 0.0136187 0 0.3617667 1.0000000
10.5096324 0.8052255 -0.0800745 0 1.0476294 0.0000000
11.7781242 0.7510509 -0.0141691 0 1.3008217 0.0000000
11.9759485 0.7600418 0.0090990 1 0.2789160 0.0588235
12.0500561 0.7205382 -0.0165388 0 0.3569697 0.0000000
11.5958041 0.7353891 -0.0133476 0 0.6498631 0.0000000
10.9749855 0.7889464 0.0844186 1 1.1535008 0.0000000
12.3554362 0.7968718 -0.0146831 0 0.3305086 0.0000000
12.1973800 0.8167455 -0.0135301 0 0.1767064 0.0000000
12.3495711 0.8067027 0.0426538 0 0.1903037 0.0000000
12.4395189 0.7981636 0.0051131 0 0.2052595 0.0000000
12.2507257 0.7672318 -0.0663366 0 0.3127650 0.0000000
12.4232585 0.7596882 0.0089869 0 0.2018522 0.0000000
11.4034342 0.7572945 0.0197292 0 0.4822804 0.0000000
11.8677357 0.7635436 0.0003970 1 0.4845663 0.0000000
11.8581663 0.8270191 0.0109195 0 0.4462103 0.0000000
12.5703581 0.8713191 0.0420820 1 0.1419349 0.0000000
12.5936691 0.8641664 0.0263768 0 0.1497582 0.0000000
12.5269779 0.8368836 -0.0616166 0 0.1602054 0.0000000
12.5367819 0.7926591 -0.0227040 0 0.2364670 0.0000000
12.2571982 0.7798464 0.0307541 0 0.4375498 0.0000000
11.8772143 0.8985782 0.0825066 1 0.4846371 0.0000000
11.9322738 0.8355991 -0.0657315 0 0.6472318 0.0000000
13.1696076 0.7829345 -0.0472420 0 0.1254757 0.0000000
11.8581663 0.7633445 -0.0212698 0 0.1944371 0.0000000
10.3492945 0.7578309 0.0195299 1 1.5758325 0.0000000
11.1650262 0.7717945 0.0559601 0 2.2890521 0.0000000
12.5750639 0.8555327 0.0475578 1 0.8192771 0.0000000
12.7589486 0.8382864 -0.0536488 0 0.2971945 0.0000000
12.1905071 0.8341136 0.0153127 0 0.5135368 0.0000000
11.9051229 0.8259291 0.0069061 0 0.7392926 0.0000000
12.7109396 0.8613382 0.1128764 0 0.7946167 0.0000000
12.2889467 0.9363045 -0.0666884 0 0.4851626 0.0000000
12.8662601 0.8638900 -0.0840886 0 0.1840924 0.0000000
12.8767313 0.8373455 0.0419584 0 0.1555535 0.0000000
12.6028434 0.8712291 0.0184904 0 0.2745957 0.0000000
12.9631636 0.8865936 0.0156580 0 0.3505702 0.0000000
13.5071889 0.8618336 -0.0568189 0 0.1462054 0.0000000
13.3979187 0.8444927 -0.0145054 0 0.1282995 0.0000000
13.2444553 0.8115945 -0.0439091 0 0.3324218 0.0000000
13.2775552 0.8269200 0.0563072 0 0.2625976 0.0000000
13.7605548 0.8811091 0.0927945 0 0.1794456 0.0052632
13.8258103 0.8705300 -0.1109664 0 0.1699862 0.0000000
13.8895925 0.8108436 -0.0150526 0 0.1380058 0.0000000
13.7576812 0.8531009 0.1198864 0 0.1971083 0.0000000
12.8232428 0.9162227 -0.0081892 0 0.3452493 0.0000000
14.1344405 0.8637373 -0.0828144 0 0.1956899 0.0019011
14.1255163 0.8373555 0.0349219 0 0.1394043 0.0000000
13.7225385 0.8583945 0.0590429 1 0.2055157 0.0051282
13.1618052 0.8169673 -0.1709045 0 0.4123907 0.0000000
11.8772143 0.7921755 0.2183155 0 1.3885680 0.0000000
10.3492945 0.9498173 -0.0558214 0 2.0398850 0.0000000
11.0204472 0.8853055 -0.0092886 0 3.2517746 0.0000000
0.0000000 0.8897364 -0.0413206 0 -1.0000000 0.0000000
0.0000000 0.8024309 0.0296575 0 -1.0000000 0.0000000
0.0000000 0.9174827 0.0614542 0 -1.0000000 0.0238095
0.0000000 0.9159355 -0.0805610 0 -1.0000000 0.0000000
12.7667307 0.8870364 0.0615775 0 3.7822436 0.0000000
0.0000000 0.9147264 -0.0513376 0 -1.0000000 0.0000000
0.0000000 0.8692200 -0.0124040 0 -1.0000000 0.0000000
12.5750639 0.8371682 -0.0268820 0 0.1501570 0.0000000
10.3492945 0.8677027 0.0580852 0 0.3859802 0.0000000
11.6326178 0.8813064 -0.0225985 0 1.2792500 0.0000000
12.9567739 0.9023918 0.0956509 0 1.7954555 0.0054348
13.1644128 0.9118118 -0.1155464 0 0.6561461 0.0000000
13.3875559 0.8785691 0.0053975 0 0.1587924 0.0000000
13.4061323 0.8656809 0.0182458 0 0.1440650 0.0044444
13.3791877 0.8809518 0.0108811 0 0.1498319 0.0000000
12.7821156 0.8135036 -0.1114409 0 0.2696978 0.0000000
11.4332868 0.9175009 0.2383291 0 0.9005306 0.0000000
10.5459991 0.9111355 -0.1519536 0 2.0644654 0.0000000
12.3377367 0.8528055 -0.0156147 0 1.0288061 0.0000000
10.8247061 0.8095027 -0.0814834 0 1.0659175 0.0000000
11.8772143 0.7788282 0.0555900 0 1.5736857 0.0000000
10.4718932 0.9028191 0.0897707 1 1.6682188 0.0000000
12.3785585 0.8426909 -0.1558791 0 1.2149084 0.0000000
13.2299273 0.7255545 -0.0366797 0 0.1721513 0.0000000
13.5236879 0.6913073 -0.0348783 0 0.1576269 0.0065359
12.8268991 0.7354055 0.0999518 1 0.2225481 0.1089110
13.4752614 0.7896155 0.0737988 0 0.2303162 1.0000000
11.0204472 0.8691900 0.1082800 31 0.0000000 0.0000000
0.0000000 0.8970191 -0.0940227 0 -1.0000000 0.0000000
0.0000000 0.8168200 -0.1002355 0 -1.0000000 0.0000000
11.1456084 0.7904700 -0.0815494 0 0.1554197 0.0000000
13.5434905 0.6818518 0.0016332 0 0.1940753 0.0000000
13.2798781 0.7402973 0.1136845 0 0.1337475 0.0000000
13.7874495 0.8284918 0.0274587 0 0.1353985 0.0021368
13.9613557 0.8356891 -0.0207197 0 0.1070640 0.0000000
14.2690818 0.8281891 0.0010412 0 0.1262103 0.0014388
14.4356047 0.8459582 -0.0089854 0 0.1034912 0.0000000
14.5770484 0.7875445 -0.0662394 0 0.1055321 0.0036900
14.4798976 0.7447227 0.0012149 0 0.1088495 0.0000000
14.6325496 0.7495982 0.0683086 0 0.1553043 0.0000000
14.3137961 0.7874355 0.0399273 0 0.1450282 0.0015873
14.3769413 0.8494818 -0.0017623 0 0.1102262 0.0000000
14.9814559 0.8509718 -0.0013903 0 0.1526120 0.0028409
15.1596782 0.8362191 -0.0421411 0 0.1206459 0.0017873
15.2815447 0.8146536 0.0110966 0 0.1131559 0.0008658
15.2896622 0.8374173 0.0559225 0 0.1695208 0.0019782
15.0489524 0.8591327 -0.0005596 0 0.3194490 0.0016026
14.6736835 0.8126945 -0.1123364 0 0.3465084 0.0000000
14.0150522 0.7687673 -0.0030997 0 0.6412396 0.0000000
14.7372500 0.8183882 0.1454418 1 0.6070101 0.0013831
14.4414313 0.8906455 -0.0175022 0 0.2336293 0.0108696
9.8528782 0.8663927 -0.0446056 0 0.4280720 0.0000000
0.0000000 0.7852800 -0.0750685 0 -1.0000000 0.0000000
13.2127067 0.7986545 0.0034678 11 2.2946000 0.0000000
13.1721949 0.7992736 0.1170900 0 -1.0000000 0.0000000
0.0000000 0.9011045 0.0400099 0 -1.0000000 0.0000000
10.6795272 0.9182045 -0.0350917 0 1.4161891 0.0000000
13.5034852 0.8697127 -0.0295774 0 1.7618236 0.0000000
12.6605089 0.8516882 -0.0104865 0 1.0318369 0.0000000
12.8010197 0.8488182 -0.0099338 0 1.5868577 0.0000000
12.2376537 0.7905473 -0.0834115 0 1.9698700 0.0000000
0.0000000 0.7617218 0.0246945 0 -1.0000000 0.0000000
0.0000000 0.8225491 0.0814098 0 -1.0000000 0.0000000
14.2690818 0.8688045 -0.0378252 0 0.0000000 0.0000000
0.0000000 0.8200264 0.0152452 0 0.0000000 0.0000000
0.0000000 0.8189364 -0.0261694 0 0.0000000 0.0000000
0.0000000 0.8139173 -0.0326145 0 0.0000000 0.0000000
0.0000000 0.7453364 -0.0523550 0 0.0000000 0.0000000
0.0000000 0.7427555 0.0771035 1 0.0000000 0.0000000
0.0000000 0.8383000 0.0642693 0 -1.0000000 0.0000000
0.0000000 0.8806591 0.0252541 0 0.1096040 0.0000000
11.5312662 0.8768818 -0.0936673 0 0.4773190 0.0000000
7.9072836 0.8052700 0.0984109 0 -1.0000000 0.0000000
8.6002467 0.9495073 0.0510635 0 -1.0000000 0.0000000
10.5096324 0.9231191 -0.0382379 0 3.4220633 0.0000000
11.9759485 0.8587964 -0.0698975 0 4.0131287 0.0000000
13.1850320 0.8484327 0.0109035 0 0.4421066 0.0000000
13.1218532 0.8452718 -0.0235940 0 0.5481760 0.0000000
12.5170769 0.8357227 -0.0275562 0 0.9457791 0.0000000
12.8905246 0.8081773 0.0251166 0 0.7015266 0.0042553
13.4303759 0.8879545 0.0692690 0 0.1705168 0.0000000
12.9852117 0.8907145 -0.0367254 1 0.3964105 0.0042553
13.1272733 0.8335964 -0.0389561 0 0.3197104 0.0000000
13.9637004 0.8407682 0.0328515 0 0.1127506 0.0000000
14.2348529 0.8256973 -0.0973673 1 0.1198163 0.0000000
13.3979187 0.7534809 -0.0117871 0 0.2497401 0.0000000
11.1650262 0.8009927 0.0532570 0 1.6254481 0.0000000
11.4622741 0.7825582 -0.0454119 0 2.6698495 0.0000000
13.5488239 0.7563091 0.0337974 0 1.1756712 0.0039139
13.8431325 0.7477282 -0.0924245 0 0.2854375 0.0037736
14.2294814 0.7033736 0.0233953 0 0.1059889 0.0000000
13.8653411 0.7204945 0.0180248 0 0.3128824 0.0044743
13.7605548 0.7985691 0.1121600 0 0.1963729 0.0000000
14.1559257 0.8211382 -0.0177575 0 0.1256343 0.0000000
14.6143893 0.8014773 -0.0495610 0 0.1102020 0.0010363
14.6986990 0.7920136 0.0548515 0 0.1168469 0.0022779
14.7198109 0.8773864 0.0053448 0 0.1120810 0.0000000
14.9208313 0.8403536 0.0033184 0 0.1104455 0.0027548
14.2853423 0.8118964 -0.0474762 0 0.1539656 0.0020725
14.8534110 0.7684273 -0.0036569 0 0.1020660 0.0022247
15.0052914 0.8001255 0.0161796 0 0.1142615 0.0012469
14.7236518 0.8240436 -0.0096696 0 0.2570114 0.0011765
14.6101041 0.7801364 -0.0626505 1 0.2889404 0.0060484
14.0392291 0.7558155 0.0467417 0 0.4809826 0.0000000
12.9883221 0.8276218 0.0042737 0 0.8200146 0.0028694
14.5494028 0.7997200 0.0027871 0 0.1200711 0.0007880
14.9965759 0.7535182 -0.0248398 0 0.1153972 0.0000000
15.0669850 0.7517009 0.0144298 0 0.1218259 0.0000000
15.0461795 0.7971145 0.0566812 0 0.1501977 0.0011338
15.0998500 0.8550682 0.0402904 0 0.2276885 0.0000000
15.2746243 0.8686427 -0.0385305 0 0.1484014 0.0008532
15.3870620 0.7387136 -0.0967845 0 0.1296701 0.0019550
14.8911691 0.7626927 0.0019753 0 0.1518429 0.0000000
14.2690818 0.8066373 0.1701082 0 0.8527902 0.0011723
14.8344738 0.8883155 -0.0032517 0 0.2302971 0.0011299
15.1147756 0.8891773 -0.0302873 0 0.2197411 0.0000000
14.8762365 0.8847127 -0.0283865 1 0.1342047 0.0348259
13.5989639 0.8602673 0.0160361 0 0.4672164 0.0573248
14.2560551 0.8830800 0.0886964 0 0.2666258 0.0000000
14.9017658 0.9499618 -0.0365388 0 0.2680954 0.0009699
15.0646513 0.8210918 -0.1608000 0 0.2173533 0.0028599
15.3127153 0.7617191 0.0219563 0 0.1023452 0.0000000
14.4721810 0.8215318 0.0766481 0 0.6788858 0.0000000
13.7677028 0.8351445 -0.0683487 0 0.2025622 0.0019474
15.0720228 0.7432336 -0.0609755 0 0.1837704 0.0000000
14.2463932 0.7259745 0.0467955 0 0.6726964 0.0000000
14.2716669 0.8863327 0.1264273 0 0.2564867 0.0000000
14.6759837 0.8669355 -0.0677687 0 0.1898210 0.0018132
15.2548595 0.8131900 -0.0401447 0 0.1120027 0.0009872
15.4786468 0.7537236 -0.0823343 0 0.1057290 0.0010650
15.2768315 0.6951836 -0.0125905 0 0.1931266 0.0000000
14.2638915 0.7219864 0.0738804 0 0.7107100 0.0000000
12.9340825 0.7870327 0.0433385 0 0.3002953 0.0000000
14.8071429 0.8085509 -0.0114695 0 0.3453420 0.0000000
13.6814682 0.8570836 0.0440663 0 0.4925780 0.0000000
14.6008590 0.7748755 -0.1058982 0 0.4062776 0.0000000
14.9772150 0.7595473 -0.0002543 0 0.2176533 0.0000000
13.7562413 0.8123491 0.1690064 0 0.6666847 0.0029154
14.0261142 0.9094709 -0.0275502 0 0.1456794 0.0000000
14.1403461 0.8551027 -0.0634192 0 0.1590810 0.0014992
14.3293510 0.7581355 -0.1185573 1 0.1368243 0.0017637
13.7748000 0.6853736 -0.0467417 0 0.0000000 0.0000000
0.0000000 0.7871545 0.1977264 0 -1.0000000 0.0000000
0.0000000 0.8272955 -0.0650322 0 -1.0000000 0.0000000
0.0000000 0.8387455 0.0345258 0 -1.0000000 0.0000000
0.0000000 0.7653745 -0.1129618 0 0.0000000 0.0000000
0.0000000 0.7686264 0.0526806 0 -1.0000000 0.0059880
13.6006489 0.7855373 0.0687457 0 1.6130364 0.0000000
11.1056036 0.8348082 0.0601728 0 1.9922600 0.0000000
12.8662601 0.8677082 -0.0116150 0 1.6155725 0.0000000
11.2211149 0.8554055 -0.0252049 0 1.7389225 0.0000000
8.6002467 0.8695673 0.0208400 0 0.2528670 0.0037313
13.8351749 0.8545491 -0.0296507 0 0.3216055 0.0000000
14.3823488 0.8071027 -0.0525425 0 0.1902291 0.0000000
13.6467096 0.7666927 -0.0109939 0 0.2802828 0.0000000
13.3896371 0.7877464 -0.0301584 0 0.4732984 0.0041841
12.6254176 0.7990773 0.0812714 1 0.5093304 0.0000000
13.6056867 0.8589500 0.0568507 0 0.4819540 0.0000000
13.3791877 0.8233982 -0.1139709 0 0.5204437 0.0000000
13.5452715 0.7842436 0.1593927 0 0.1071732 0.0000000
12.9852117 0.9391755 -0.0553136 0 0.3732474 0.0000000
13.1460154 0.8327609 -0.0827947 0 0.1115720 0.0000000
14.0543156 0.7622418 -0.0651098 0 0.1034023 0.0000000
14.2240808 0.7207118 0.0331133 0 0.1291854 0.0000000
13.2658592 0.8122491 0.0802374 0 0.2142329 0.0033333
13.5938921 0.8422327 0.0206798 0 0.3257106 0.0022124
13.8095498 0.7544800 -0.0865116 0 0.1876824 0.0038462
12.6474935 0.7748482 -0.0302974 0 0.3935808 0.0000000
13.1299724 0.8694209 0.1806364 0 1.6311472 0.0000000
11.1056036 0.8867482 -0.1201109 0 0.2478477 0.0000000
13.4403064 0.7441845 -0.1113727 0 0.6107037 0.0000000
12.6387216 0.7656182 0.1434345 1 1.6754040 0.0000000
10.9273583 0.8621564 -0.0048865 1 0.7064669 0.0000000
13.2299273 0.8454845 0.0118847 0 0.1310704 0.0000000
12.4969758 0.8565736 0.0313507 0 0.0000000 0.0000000
0.0000000 0.8685573 -0.0487025 0 -1.0000000 0.0000000
7.9072836 0.8498500 0.0120757 0 2.7741500 0.0000000
13.0249115 0.8401500 -0.0221443 0 1.5916235 0.0036364
13.6156867 0.8072318 -0.0172785 0 0.1601597 0.0074257
13.7762134 0.8128445 0.0298092 0 0.1149467 0.0000000
13.8081828 0.8347245 -0.0144396 0 0.1901840 0.0000000
14.1442638 0.7919264 -0.0487427 0 0.1187212 0.0000000
14.2375279 0.7674882 -0.0008758 0 0.1409730 0.0000000
13.4481805 0.7709291 -0.0119668 0 0.1711624 0.0037453
13.6023310 0.7947591 0.0882139 0 0.5062530 0.0000000
13.4828660 0.7948336 -0.0626995 0 0.4532576 0.0000000
13.2102222 0.7950582 0.0136520 1 0.4490096 0.0000000
12.9007462 0.8279964 0.0198740 0 0.8149420 0.0000000
13.6353918 0.8518773 -0.0037331 0 0.2512218 0.0000000
14.0117095 0.8024691 0.0809682 0 0.1063061 0.0000000
13.1565696 0.8987227 -0.0495441 0 0.6227071 0.0000000
12.2571982 0.8654682 -0.0113833 0 0.6000114 0.0000000
12.5982667 0.8287473 -0.0169864 0 1.1745388 0.0000000
12.1410273 0.8037036 -0.0172022 0 1.0662991 0.0000000
12.2951772 0.8381164 0.0613320 0 0.4595206 0.0000000
14.0478778 0.8683373 -0.0076364 0 0.1220626 0.0000000
14.3398562 0.7871218 -0.0222175 1 0.1005126 0.0013175
14.5067865 0.8023855 0.0327138 0 0.0972266 0.0000000
13.9936911 0.8662236 -0.0175100 0 0.1682285 0.0017921
14.2569289 0.7955991 -0.0676698 1 0.1147301 0.0014992
14.2604162 0.7612327 -0.0075665 0 0.1641064 0.0000000
14.0228084 0.7896273 0.0279626 0 0.7183812 0.0000000
12.8084824 0.8343900 0.0641982 0 0.3994210 0.0011074
14.7474624 0.8350964 -0.0540731 0 0.1199109 0.0020855
14.7258400 0.8122055 0.0790705 0 0.1964163 0.0010776
14.8146711 0.8842009 -0.0352217 0 0.0984649 0.0015625
14.4558512 0.8227100 -0.0284514 0 0.2451766 0.0000000
15.2043454 0.8056591 -0.0225330 0 0.1031079 0.0000000
15.1958434 0.8420536 0.0972445 0 0.1699768 0.0048309
14.6975754 0.8752827 -0.1031309 0 0.2613736 0.0000000
14.6295457 0.8442136 0.1531973 0 0.2034495 0.0008726
15.3072308 0.9500927 -0.0724086 0 0.1259624 0.0009699
15.4840376 0.8158618 -0.0863210 0 0.1099060 0.0010267
15.4475372 0.7882800 0.0176339 0 0.1333877 0.0000000
15.5424611 0.7787473 0.0342842 1 0.1387953 0.0012970
15.2383034 0.8307000 -0.0838737 0 0.1836626 0.0000000
14.6615200 0.6863600 -0.1108836 0 0.3355640 0.0000000
14.4937771 0.6372936 -0.0289130 0 0.2941693 0.0000000
13.3728653 0.6551618 0.0540028 0 1.3393978 0.0000000
0.0000000 0.7002400 0.0634003 0 -1.0000000 0.0000000
13.7705477 0.8750636 0.1482155 0 1.1256247 0.0000000
14.0754804 0.7721727 -0.1624109 0 0.2239573 0.0010764
14.6222993 0.7147618 -0.0119841 0 0.3012322 0.0000000
13.3812863 0.7841945 0.0713671 0 1.7203574 0.0000000
12.8341718 0.7935082 -0.0315262 0 0.2962316 0.0000000
13.8431325 0.7257827 -0.0634605 0 0.4571416 0.0000000
13.7648497 0.6775355 0.0024311 0 0.5913636 0.0000000
13.1875798 0.6846064 0.0325225 1 1.1798551 0.0000000
12.3075230 0.7549927 0.1041336 0 1.3505055 0.0028571
13.0830673 0.8395655 0.0407535 0 0.1215008 0.0000000
14.3676027 0.8542536 -0.0049482 0 0.2828112 0.0014306
14.5395763 0.7579255 -0.1270945 0 0.2079044 0.0033058
13.8845356 0.7450745 0.0104323 0 0.2532758 0.0000000
13.2682094 0.7764027 0.1555736 0 1.3179908 0.0000000
12.7511055 0.9035427 -0.0155726 0 0.8022008 0.0000000
13.3274521 0.8015127 -0.1083845 0 0.5713003 0.0000000
13.6239444 0.7778282 0.0096056 0 0.6389148 0.0000000
14.3676027 0.7955400 0.0019598 0 0.2348101 0.0014556
14.4290088 0.7391927 -0.1031318 0 0.1161978 0.0000000
13.7014534 0.6862218 -0.0146532 0 0.1891611 0.0000000
13.0368164 0.7420845 0.1744118 0 0.4945842 0.0000000
10.9979747 0.8092327 -0.0621159 0 0.7606159 0.0023202
13.7971785 0.7646009 0.0242695 0 0.2574878 0.0028818
13.8149994 0.7960891 0.0065405 0 0.4032347 0.0000000
13.6938140 0.8168491 -0.0067549 1 0.2295629 0.0036364
13.1951844 0.8022745 -0.0167051 0 0.2500632 0.0163043
10.6795272 0.8091400 0.1284864 0 0.4789498 0.0033898
13.6814682 0.9072209 -0.0012228 0 0.2811204 0.0000000
13.6736739 0.8877464 -0.0699347 0 0.1626326 0.0027397
14.0649540 0.8358491 -0.0525862 0 0.1875008 0.0000000
14.3589650 0.7365018 -0.0647771 0 0.1068503 0.0017921
13.9891352 0.7493891 0.0066785 0 0.2896139 0.0000000
13.5291276 0.7497155 0.0320958 0 0.3823328 0.0064725
13.2444553 0.8142318 0.0924891 0 0.5006663 0.0015456
14.5965152 0.7925127 -0.1432855 0 0.1368298 0.0000000
14.3715044 0.7469364 0.1063836 0 0.2023495 0.0000000
12.6431172 0.8866327 0.0867217 0 1.3445178 0.0000000
13.2372177 0.8566582 -0.1020555 0 0.2512291 0.0018587
14.3269110 0.8248718 0.0547670 0 0.1833086 0.0060606
12.9695129 0.8381382 -0.1014445 0 1.5587590 0.0000000
8.6002467 0.7650400 0.0157717 0 0.1090907 0.0000000
13.1433594 0.9077555 0.1602327 1 1.5534300 0.0000000
7.9072836 0.8918618 -0.0648984 0 0.6059255 0.0091743
8.8233535 0.8631036 0.0007434 0 0.9757510 0.0000000
7.9072836 0.8530209 -0.0671262 0 -1.0000000 0.0000000
9.9864031 0.7205491 -0.0910927 0 2.9434325 0.0000000
12.0095649 0.7371073 0.0209157 0 4.0027682 0.0000000
11.4904447 0.7844164 0.0826054 0 5.8318600 0.0000000
0.0000000 0.8587745 0.0643768 0 -1.0000000 0.0000000
13.2372177 0.8361100 -0.0576737 0 1.6526200 0.0000000
11.9759485 0.8196445 -0.0067507 0 0.0000000 0.0000000
0.0000000 0.8203564 -0.0176379 0 -1.0000000 0.0000000
10.8247061 0.8413182 0.0421916 0 0.3558281 0.0000000
12.7312242 0.8498100 0.0075160 0 1.3270071 0.0000000
12.6073992 0.8419391 -0.0013497 0 1.8210783 0.0000000
10.2583258 0.8424036 -0.0419342 0 0.1793682 0.0000000
12.7744528 0.7833600 0.0065347 0 0.1454696 0.0000000
12.5464907 0.8362491 0.0835697 1 0.4265173 0.0000000
12.4660456 0.9132118 0.0233238 0 0.2279283 0.0125000
12.6028434 0.8967018 0.0078610 0 0.1444862 0.0000000
10.9026662 0.8900545 -0.0283187 0 0.9535924 0.0000000
0.0000000 0.8581773 -0.0835095 0 -1.0000000 0.0151515
12.3257605 0.7859345 -0.0321509 0 0.9311921 0.0000000
13.0858882 0.8182800 0.0273728 0 0.1980256 0.0000000
13.2201233 0.8194691 -0.0848973 0 0.1553013 0.0000000
13.0368164 0.7343236 0.0246934 0 0.1774187 0.0000000
13.0397706 0.7792964 0.0960155 0 0.3689172 0.0000000
13.0219130 0.8730555 0.0168835 0 0.1860803 0.0064103
13.1850320 0.8186327 -0.0799938 0 0.2264096 0.0000000
13.3514970 0.8003309 -0.0040594 0 0.1103695 0.0000000
12.8341718 0.8152255 0.0110950 0 0.4054688 0.0000000
12.0658043 0.7472555 0.0340082 0 1.2815017 0.0000000
11.9673648 0.7828055 -0.0367904 0 1.5694946 0.0000000
9.9864031 0.8556445 0.0978991 0 0.5594644 0.0000000
13.6173437 0.8493364 -0.0886055 0 0.1292877 0.0041152
13.2564029 0.7897382 -0.0711200 0 0.1969925 0.0000000
0.0000000 0.7710945 0.1222918 0 -1.0000000 0.0000000
8.3126260 0.8421055 -0.0369949 0 0.0000000 0.0000000
0.0000000 0.8334418 0.0523490 2 0.0000000 0.0000000
0.0000000 0.8338264 -0.0423841 0 0.0000000 0.0000000
0.0000000 0.8370218 0.0050000 0 0.0000000 0.0000000
0.0000000 0.8478445 -0.0115339 0 0.0000000 0.0000000
0.0000000 0.8004273 -0.0370044 0 -1.0000000 0.0000000
0.0000000 0.8298545 0.1040273 0 -1.0000000 0.0000000
12.9075029 0.9159182 -0.0003251 0 0.4741262 0.0000000
13.8946239 0.8804236 -0.0905756 0 0.1096029 0.0000000
13.6467096 0.8267973 0.0374077 1 0.1794527 0.0000000
12.3317665 0.8301827 -0.0557996 0 0.5547962 0.0000000
13.4081752 0.7758836 -0.0018225 0 0.6332908 0.0000000
14.0139392 0.7651064 -0.0414390 0 0.1766821 0.0000000
11.4764586 0.7158127 -0.0251483 0 1.0883400 0.0116732
13.0830673 0.6735691 -0.0111795 0 0.1421521 0.0084034
13.1591908 0.6696282 -0.0356357 0 2.0263450 0.0000000
0.0000000 0.6891145 0.0626887 0 -1.0000000 0.0125000
11.9499732 0.8391855 0.1477791 1 -1.0000000 0.0000000
12.4555192 0.8271382 -0.0541989 0 0.1781030 0.0000000
13.5452715 0.8322518 0.0768705 0 0.1492519 0.0000000
13.0219130 0.9447564 0.0197724 0 0.7807705 0.0051814
12.5170769 0.8525500 -0.0619995 0 0.5074561 0.0132743
13.2027316 0.8606609 -0.0149910 0 0.4363112 0.0000000
0.0000000 0.8330482 -0.0085297 0 -1.0000000 0.0000000
10.9749855 0.8970709 0.0828136 0 -1.0000000 0.0000000
0.0000000 0.9036209 -0.0300842 0 -1.0000000 0.0000000
12.3197182 0.9354627 0.0293225 0 -1.0000000 0.0000000
11.4764586 0.8620600 -0.0939955 0 -1.0000000 0.0000000
11.1456084 0.7937009 -0.0075105 0 2.9178183 0.0000000
10.8247061 0.8371045 0.0321383 1 2.4967100 0.0000000
11.9928980 0.8550364 -0.0626429 1 2.1775191 0.0063694
12.7972674 0.7755500 -0.0294589 0 0.1559549 0.0000000
13.3163286 0.7341755 -0.0236269 0 0.1715855 0.0000000
13.5034852 0.7060691 0.0047886 0 0.1392629 0.0000000
12.9275035 0.7301518 0.0348485 0 0.3193089 0.0000000
11.9233051 0.7295164 0.0032650 0 0.7383443 0.0000000
11.8088956 0.7984255 0.0082890 0 1.1287467 0.0000000
11.8772143 0.8155773 0.0134815 0 1.2528332 0.0000000
11.5312662 0.8517527 0.1266055 1 1.1657863 0.0000000
11.8088956 0.8230145 -0.1552755 0 1.1950700 0.0000000
12.9406185 0.7665055 0.0161991 1 0.7165383 0.0000000
12.9599739 0.7117518 -0.0877253 0 0.3856035 0.0000000
12.4177790 0.6883573 0.0303193 0 0.1921313 0.0040323
13.1565696 0.7391573 0.0556817 0 0.1353551 0.0000000
8.6002467 0.7587673 -0.0484783 2 0.4487175 0.0000000
11.4478855 0.7367264 -0.0051485 0 -1.0000000 0.0000000
12.4122694 0.7153382 -0.0037113 0 2.5610949 0.0000000
9.6117305 0.6988173 -0.0321285 0 2.3390633 0.0000000
12.4867716 0.6830964 -0.0095316 0 1.6789767 0.0000000
11.3726629 0.6760336 0.0112423 0 1.6153625 0.0000000
0.0000000 0.6872727 0.0127511 1 -1.0000000 0.0000000
12.3670642 0.7285818 0.0520569 0 0.9057257 0.0000000
11.3726629 0.7849909 0.0526065 0 0.8226709 0.0000000
11.7135862 0.7432855 -0.0696808 0 1.4225050 0.0000000
11.6564282 0.7835373 0.0522538 0 3.1812017 0.0000000
10.3492945 0.7456555 -0.0919609 0 3.0857300 0.0000000
11.0849847 0.7289873 0.0267518 0 0.2340082 0.0000000
11.5312662 0.7090718 -0.0193143 2 0.0000000 0.0000000
0.0000000 0.7361700 0.1223800 0 -1.0000000 0.0000000
11.8387483 0.7708473 -0.0390125 0 2.9475900 0.0000000
11.1258060 0.7112582 -0.1388091 0 0.4350678 0.0000000
11.5832255 0.6973927 0.0525170 0 0.5093872 0.0000000
11.0639316 0.6903391 0.0484754 0 0.4803889 0.0000000
11.1258060 0.7254518 -0.0367512 0 0.6163162 0.0149254
11.5575833 0.7148927 -0.0087820 0 0.3264085 0.0000000
12.2442110 0.6848809 -0.0427036 0 0.1395969 0.0000000
12.8836518 0.6678055 0.0641669 0 0.1034825 0.0000000
13.0970927 0.7053536 -0.0361510 0 0.3415656 0.0000000
12.5269779 0.8150800 0.1359227 0 0.3655466 0.0000000
12.6474935 0.7771736 -0.0565303 2 0.0000000 0.0121951
0.0000000 0.7944218 0.0772888 0 -1.0000000 0.0000000
12.7589486 0.8792445 0.0978491 0 0.6953846 0.0000000
11.8866040 0.9150327 -0.1367564 0 1.1337630 0.0000000
11.7463757 0.7730482 -0.0374006 0 0.7020303 0.0000000
12.6431172 0.7165755 -0.0853568 0 0.2144271 0.0000000
11.7246359 0.6539009 -0.0150840 0 0.9920554 0.0000000
11.5178434 0.6510509 -0.0072577 0 0.0000000 0.0000000
0.0000000 0.7241736 0.1362164 1 0.0000000 0.0000000
0.0000000 0.8079327 0.0233196 0 -1.0000000 0.0000000
10.5096324 0.7880364 -0.0804988 0 0.1494798 0.0000000
13.1696076 0.7806182 0.0058587 1 0.1514912 0.0000000
12.9535636 0.7518500 0.0365104 11 0.2663650 0.0000000
13.4790709 0.7941427 -0.0162347 0 0.1571240 0.0000000
12.8232428 0.7463518 -0.0759655 0 0.3513512 0.0000000
12.2826771 0.6709000 -0.0298403 0 0.0000000 0.0000000
0.0000000 0.6214200 -0.0447288 0 0.0000000 0.0000000
0.0000000 0.6103355 -0.0124004 0 0.0000000 0.0000000
0.0000000 0.6018218 0.0018552 0 0.0000000 0.0000000
0.0000000 0.6010809 -0.0010769 0 0.0000000 0.0000000
0.0000000 0.5983936 -0.0016599 0 0.0000000 0.0000000
0.0000000 0.5978436 0.0409265 0 0.0000000 0.0000000
0.0000000 0.7849264 0.1789027 2 0.0000000 0.0000000
0.0000000 0.8396055 0.0298159 0 -1.0000000 0.0000000
11.7884869 0.8390764 0.0109018 1 2.9299899 0.0000000
10.3492945 0.8643155 0.0191697 1 0.9912121 0.0000000
11.1840741 0.8307373 -0.1185718 0 1.7097964 0.0000000
13.4223598 0.7132491 -0.0825650 0 0.3386116 0.0000000
12.3670642 0.6752836 0.0176167 0 0.3720040 0.0000000
12.0658043 0.7094782 0.0447821 0 0.9452542 0.0000000
12.8195731 0.7341636 -0.0164171 0 0.4888461 0.0045455
13.0308817 0.7004473 -0.0131201 0 0.2711791 0.0000000
13.2587754 0.7060482 0.0087937 0 0.1857211 0.0000000
12.4122694 0.7573873 0.1376536 1 0.6693295 0.0000000
11.8288961 0.8701245 0.0219219 0 0.4831796 0.0000000
12.7935009 0.7896736 -0.0729701 0 0.4659257 0.0000000
13.5523637 0.8068445 0.0827396 0 0.1291917 0.0000000
13.6922791 0.8761409 -0.0563027 0 0.1291045 0.0021505
13.7804418 0.8092327 -0.0466942 0 0.1247790 0.0016208
14.0413983 0.7990509 0.0368476 0 0.1076943 0.0000000
14.3301630 0.7963627 -0.0615545 1 0.1012700 0.0000000
14.4833856 0.7304782 -0.0529246 0 0.1624431 0.0028090
13.9108035 0.7379209 0.0240644 0 0.1979657 0.0000000
13.5836706 0.8015909 0.0969436 0 0.2733123 0.0000000
14.5040617 0.8259545 -0.0112758 0 0.1124431 0.0000000
14.5694099 0.7830709 -0.0488931 0 0.1755567 0.0000000
14.2895778 0.7692845 -0.0091972 0 0.2158609 0.0013624
14.6667511 0.7848291 0.0329661 0 0.1449938 0.0000000
14.4805962 0.8360918 0.0408775 0 0.1661193 0.0000000
14.4450558 0.8117618 -0.0505149 0 0.1494669 0.0000000
13.2587754 0.7338355 -0.0952909 0 0.3258948 0.0000000
13.6255878 0.7605900 0.0849195 11 0.6578624 0.0047170
12.6860421 0.7717736 0.0210334 0 0.3772461 0.0000000
11.2913182 0.8074991 0.0222335 0 0.3898569 0.0000000
13.2540248 0.7623073 -0.1199573 0 1.4738544 0.0000000
13.7490106 0.7399227 0.0353420 0 0.1727399 0.0000000
13.6206495 0.7681673 0.1038573 0 0.2833274 0.0000000
12.7667307 0.8216273 -0.0647972 1 0.7520285 0.0019608
13.6255878 0.7849991 0.0219940 0 0.3406744 0.0044843
14.1432858 0.7889745 -0.0017430 0 0.1656338 0.0041152
13.9959612 0.7852273 0.0128889 0 0.1696483 0.0031696
13.3558073 0.7951727 -0.0218850 0 0.2173526 0.0000000
14.3534292 0.7483464 -0.0473218 0 0.1038167 0.0000000
14.4134472 0.7522473 0.0355472 11 0.1326898 0.0000000
14.1275064 0.8083245 0.0675225 0 0.2023063 0.0056818
13.9554699 0.7935582 -0.0149564 11 0.4034530 0.0000000
11.7987433 0.8008373 0.0115876 0 0.1347695 0.0032258
14.0628354 0.7968027 -0.0077399 11 0.1957429 0.0000000
13.0915062 0.8202736 0.0068916 1 0.3204612 0.0000000
13.4263759 0.7980200 -0.0396195 0 0.2745875 0.0013175
13.7225385 0.7700364 -0.0175516 0 0.4431997 0.0035129
14.5494028 0.7854373 0.0266966 0 0.1089552 0.0000000
14.6020966 0.7730500 -0.0783128 0 0.1035018 0.0023613
14.8790534 0.7409045 0.0567607 0 0.1162904 0.0040000
14.5162652 0.7854745 0.0187624 0 0.1522315 0.0025806
14.3991559 0.7763082 -0.0344980 0 0.1624639 0.0016103
14.5827392 0.7752755 0.0483329 0 0.2150801 0.0012531
14.2012592 0.8223627 0.0185807 0 0.1734054 0.0021482
14.6210865 0.7915427 -0.1002245 0 0.1303442 0.0000000
14.5934009 0.7377445 0.0561991 1 0.2060470 0.0000000
14.4443320 0.8825055 0.1631991 0 0.3154795 0.0000000
13.7691262 0.9229200 -0.0047459 0 0.5105370 0.0028329
14.2463932 0.8764900 -0.1245364 0 0.6041792 0.0016155
14.6082619 0.8224664 0.0191653 1 0.2898842 0.0155039
13.9741839 0.8107182 -0.0607442 0 0.3316437 0.0060241
13.2914122 0.8222327 0.0787937 0 1.1233616 0.0000000
13.0602092 0.8758755 0.0327812 0 0.7750430 0.0000000
13.3707489 0.8716482 -0.0611177 0 0.4614253 0.0000000
14.1294925 0.8346627 0.0444415 0 0.2872130 0.0014970
14.6450684 0.9054018 0.0157865 0 0.1423447 0.0026738
14.0858972 0.8313809 -0.0035309 0 0.3571373 0.0000000
14.3854257 0.9525445 0.0457288 0 0.2671709 0.0023895
14.4644043 0.9023164 -0.0605832 0 0.3207575 0.0041946
14.6799963 0.8395927 -0.0842815 0 0.2103808 0.0020942
15.0501384 0.8154118 0.0927755 0 0.1059138 0.0020877
14.6289439 0.8301109 -0.0728676 1 0.2545197 0.0824972
14.8953290 0.8037227 -0.0268878 0 0.2581022 0.0030030
14.7426380 0.7807109 0.0152215 0 0.1150135 0.0016722
14.6925035 0.8183291 0.0608303 0 0.1744283 0.0024896
14.3088333 0.8175073 -0.1251009 0 0.1399834 0.0000000
15.0122917 0.7135136 -0.0558209 0 0.1438706 0.0031447
14.0670682 0.7594464 0.1278809 0 0.8759498 0.0000000
13.7662772 0.8562009 0.0787565 0 0.1234073 0.0038462
14.2819409 0.8763327 -0.0293036 0 0.1332328 0.0038880
14.9548677 0.8333327 -0.0350319 0 0.2045971 0.0034404
15.1992529 0.8360555 -0.0079014 1 0.1196774 0.0017857
14.3605411 0.7865064 -0.0289324 0 0.2894978 0.0603015
14.1403461 0.7981945 0.0204130 1 0.5745685 0.1339290
14.0879676 0.7682382 -0.0601191 0 0.4860272 0.0000000
10.3492945 0.8144391 0.1142455 0 0.8535153 0.0000000
0.0000000 0.8416473 -0.0384880 0 -1.0000000 0.0000000
0.0000000 0.8193345 -0.0049490 1 -1.0000000 0.0000000
0.0000000 0.8405400 -0.0204594 0 -1.0000000 0.0000000
14.5395763 0.8493627 0.0973782 0 0.5685348 0.0000000
14.8658394 0.9104982 0.0191774 0 0.1050210 0.0000000
15.0326010 0.8629155 -0.0894587 0 0.1033263 0.0000000
15.1017279 0.9137036 0.1396518 0 0.1068928 0.0022173
15.1017279 0.8598445 -0.1123827 0 0.1345917 0.0056444
15.4088262 0.8094036 -0.0567914 0 0.1421040 0.0008985
14.8757662 0.8266218 0.0464317 1 0.2544589 0.0026858
14.7511987 0.8508009 0.0440688 0 0.4793005 0.0062444
14.8369217 0.8175227 -0.1608727 0 0.2641737 0.0025974
15.0591846 0.7636955 0.0831447 0 0.1628546 0.0035006
14.4208877 0.8345591 0.0750279 0 0.6071026 0.0030488
14.0543156 0.8827573 -0.0076626 0 0.1230696 0.0034682
14.9373311 0.8093700 -0.1053355 0 0.1248407 0.0023229
14.4186614 0.7293418 -0.0448965 0 0.2663649 0.0000000
13.6922791 0.7332636 0.0347873 0 1.5533200 0.0000000
13.7519092 0.7933618 0.0342564 0 0.4954589 0.0040816
14.7377901 0.7991709 0.0005176 0 0.1326760 0.0022371
15.2859238 0.8317545 -0.0147815 0 0.1447363 0.0027778
15.2846746 0.8648755 0.1312645 0 0.1327127 0.0000000
15.1144052 0.8675791 -0.1117945 0 0.1144476 0.0012739
15.4333640 0.7533800 -0.0903591 0 0.1088879 0.0028599
15.0044646 0.7459155 0.0769916 1 0.1637317 0.0008865
14.0283120 0.8209827 0.0664780 0 -1.0000000 0.0033860
15.0229040 0.8506173 -0.0441666 0 0.1642559 0.0008749
15.0167953 0.8258845 0.1204382 0 0.2392044 0.0010616
15.1539963 0.9085236 -0.0915755 0 0.1192855 0.0000000
15.2369932 0.7689218 -0.0909709 0 0.1691810 0.0000000
15.2191356 0.7622464 0.0259152 0 0.1117887 0.0000000
14.8682119 0.7193245 -0.1025818 0 0.2574052 0.0024845
15.1367545 0.7676427 0.1083491 1 0.2785883 0.0000000
13.3770847 0.8079555 0.0426990 0 0.7352247 0.0059172
14.2946368 0.8557400 0.0794472 0 0.9234963 0.0025907
14.6574324 0.8483445 -0.1326573 0 0.2161161 0.0000000
14.6198721 0.7723582 0.0665659 0 0.2592312 0.0037453
14.6027149 0.8697764 0.0888338 0 0.1888931 0.0000000
12.9535636 0.9290836 -0.0196001 0 0.4292272 0.0015432
14.8558131 0.8787945 -0.0638536 0 0.2474472 0.0018248
14.5520069 0.8125591 -0.0240648 0 0.2462131 0.0000000
13.6892022 0.8133191 0.0126687 1 0.2758381 0.0041152
13.4102139 0.7842036 -0.0229597 0 1.4027681 0.0000000
12.3436714 0.7804427 0.0302764 0 1.5674245 0.0012438
11.4764586 0.8496836 0.0078987 0 2.2314829 0.0015432
0.0000000 0.8080864 0.0199525 0 -1.0000000 0.0066667
0.0000000 0.7955445 -0.0084085 0 -1.0000000 0.0000000
0.0000000 0.8764673 0.0956382 0 -1.0000000 0.0000000
0.0000000 0.8521436 -0.1611245 0 -1.0000000 0.0000000
0.0000000 0.7933336 0.0889281 0 -1.0000000 0.0000000
0.0000000 0.8895391 0.0041466 0 -1.0000000 0.0000000
0.0000000 0.8871245 0.0057448 0 -1.0000000 0.0000000
0.0000000 0.8635373 -0.0796993 0 -1.0000000 0.0000000
0.0000000 0.8487791 0.1367745 0 -1.0000000 0.0000000
0.0000000 0.9656200 0.0041434 0 -1.0000000 0.0000000
13.1747755 0.9143509 -0.0694764 0 11.6576000 0.0000000
10.0470250 0.8283709 -0.1117645 1 0.0000000 0.0000000
0.0000000 0.8331200 0.1396873 0 -1.0000000 0.0000000
11.5312662 0.8792909 -0.0580654 0 12.9103837 0.0000000
9.6117305 0.8393355 0.0084258 0 13.1666200 0.0000000
9.6987363 0.7622400 -0.0980500 0 14.2497333 0.0000000
10.8773488 0.7572173 0.0581592 0 2.3454153 0.0000000
11.2391331 0.8146791 0.0241670 0 1.2235979 0.0000000
11.0849847 0.7986809 -0.0649605 0 2.1472916 0.0000000
11.8959064 0.8121291 0.0367322 0 3.0989871 0.0000000
13.2444553 0.8202182 0.0036999 0 3.3092883 0.0000000
13.5887944 0.8087764 0.0008417 0 1.0025420 0.0037594
13.1773495 0.7918282 -0.0139156 0 0.1083987 0.0032154
13.4323699 0.8484445 0.0872231 1 0.1034116 0.0053476
13.3005447 0.8935982 -0.0094247 0 0.1428431 0.0025000
13.5629086 0.8119027 -0.0521063 0 0.2517153 0.0020534
13.8983810 0.8912400 0.1314655 0 0.1079551 0.0020576
14.0681236 0.9396836 -0.0503228 0 0.1175195 0.0017699
14.0754804 0.8436027 -0.0877642 0 0.1475614 0.0000000
14.2673547 0.8017336 -0.0552324 0 0.1162626 0.0000000
13.9181836 0.7685982 0.0266063 1 0.1673467 0.0000000
13.0688423 0.7377900 -0.0524912 0 0.5015360 0.0000000
13.0219130 0.7651718 0.0821090 0 0.9410344 0.0055172
13.9834111 0.8218845 -0.0572654 0 0.1740354 0.0000000
14.4951545 0.7611745 0.0436421 0 0.1539959 0.0026882
14.6591863 0.8477482 0.0171869 0 0.1312659 0.0000000
13.9495492 0.8534164 0.0309735 0 0.1069935 0.0008554
14.8925576 0.8828427 0.0495325 0 0.0992216 0.0000000
15.1140346 0.8937764 -0.0222538 0 0.1007911 0.0000000
15.4148802 0.8525864 -0.0660661 0 0.1034195 0.0012920
15.2405921 0.8035327 -0.0271942 0 0.1370293 0.0000000
15.1807021 0.7601255 -0.0142165 0 0.1926516 0.0036364
14.4728850 0.7516273 -0.0312647 0 0.6337469 0.0021142
14.7148508 0.7583200 0.0591692 1 0.1166077 0.0044248
14.3170910 0.8189073 0.0023479 0 0.2733080 0.0000000
14.5296523 0.8094936 0.0345379 0 0.3442855 0.0000000
15.1457717 0.8092455 -0.0469192 0 0.2199643 0.0000000
14.7805972 0.7579427 -0.0621762 0 0.2321858 0.0000000
14.7098661 0.8024127 0.1227036 0 0.3835573 0.0000000
13.2250373 0.8403700 0.0154211 0 0.3131097 0.0009302
14.8285740 0.8548227 -0.0133935 0 0.1404760 0.0000000
14.9279998 0.8330309 -0.0295809 0 0.1888322 0.0034843
14.0920955 0.8498345 0.0176222 0 0.1318072 0.0008045
15.0110599 0.8133155 -0.0254245 0 0.1504847 0.0000000
15.0716362 0.7969409 -0.1001073 0 0.1128468 0.0013021
15.0536880 0.6996736 0.0210289 0 0.1540307 0.0000000
14.9145164 0.7957982 0.1308618 0 0.1679901 0.0012438
13.7519092 0.8091182 -0.0690026 0 0.3560582 0.0266393
14.9045118 0.7539145 -0.0751679 1 0.2522556 0.0000000
13.9613557 0.7481291 0.0104698 0 0.5026310 0.0000000
14.0205985 0.7389236 -0.0148937 0 0.4823983 0.0000000
13.9169573 0.8607145 0.1865573 0 0.1741364 0.0000000
13.9982262 0.8931618 -0.0481658 0 0.1758955 0.0013423
14.2904227 0.8510791 0.0290218 0 0.1168953 0.0048900
14.4944660 0.8185718 -0.1394545 0 0.1206324 0.0010917
14.6385305 0.7789300 0.0467430 0 0.1153699 0.0009960
14.6235107 0.8033791 -0.0108927 0 0.1063563 0.0011325
14.9253176 0.8335000 0.0690098 0 0.1005694 0.0016488
14.6064163 0.8527345 0.0442685 0 0.1025608 0.0025619
15.0866048 0.8404145 -0.0426715 0 0.1154046 0.0023364
14.8672636 0.8617727 0.0019018 0 0.1107077 0.0017857
15.3124114 0.8660791 0.0105897 0 0.1013283 0.0031881
15.3836712 0.8142145 -0.1190000 0 0.1048521 0.0018450
15.3420587 0.7651918 0.0291097 0 0.2144712 0.0037736
14.4665312 0.8331464 0.0513242 1 0.3687062 0.0000000
9.6117305 0.8548518 0.0460987 0 0.7077405 0.0000000
0.0000000 0.7908627 -0.0928464 0 -1.0000000 0.0000000
14.2722941 0.7791445 -0.0054515 0 1.6110057 0.0000000
14.0513926 0.8568091 0.1578336 0 0.7696543 0.0000000
14.0670682 0.8927309 -0.0842113 0 0.6275638 0.0021053
13.8794530 0.8405791 -0.0204108 0 0.4466731 0.0000000
13.7957945 0.8278209 -0.0241943 0 1.3633034 0.0000000
13.3230175 0.8507691 0.0805693 0 0.6229221 0.0076142
13.8692096 0.8762645 -0.0429879 0 0.6554850 0.0018018
14.9818790 0.8515809 -0.0246362 0 0.1011465 0.0007752
15.1511433 0.7806418 -0.0754567 0 0.1012259 0.0017873
15.1621539 0.7230555 -0.0220032 0 0.1305637 0.0000000
13.4922911 0.7718155 0.0783668 0 0.7258499 0.0037083
15.0473688 0.8230764 0.0373571 1 0.1645508 0.0010753
14.9617972 0.7788064 -0.1214055 0 0.2206778 0.7657340
12.9373558 0.7377000 0.0676548 0 0.1657314 0.0000000
13.9400026 0.8486327 0.0769125 0 0.3664487 0.0000000
14.6180479 0.8338655 -0.0713192 0 0.3365828 0.0000000
14.7323759 0.7836082 0.0003320 0 0.1093049 0.0008703
15.0216852 0.7953336 0.0312619 0 0.1144886 0.0008842
14.9852574 0.7678945 -0.1027464 0 0.1664448 0.0063177
14.7404863 0.7527709 0.1063236 0 0.1125546 0.0010152
14.6936329 0.8566991 0.0549873 0 0.1437195 0.0000000
14.3154449 0.8174027 -0.1471227 0 1.5902100 0.0000000
12.5890501 0.6927155 -0.0792005 0 1.5481260 0.0000000
11.5042378 0.6637018 0.0346733 0 -1.0000000 0.0000000
0.0000000 0.6946727 0.0058398 0 -1.0000000 0.0000000
13.7314407 0.7249027 0.0434899 0 0.0000000 0.0000000
0.0000000 0.7624236 -0.0262780 0 0.0000000 0.0000000
0.0000000 0.7149291 0.0329515 0 0.0000000 0.0000000
0.0000000 0.8135055 0.1226918 0 0.0000000 0.0000000
0.0000000 0.8551755 -0.0387237 0 -1.0000000 0.0000000
8.8233535 0.8051864 -0.0288005 0 0.1675507 0.0022624
12.5318919 0.7340227 -0.0788098 0 0.2932744 0.0000000
14.0951804 0.6812027 -0.0671185 0 2.0680876 0.0000000
12.4341281 0.6381391 -0.0435600 0 1.6572688 0.0000000
12.7550347 0.6303609 -0.0003363 0 1.2013293 0.0000000
11.5704866 0.6361173 0.0395559 0 2.9474900 0.0000000
10.6477793 0.6588209 0.0441870 0 3.1026550 0.0000000
10.7691374 0.7174300 0.0690271 0 3.4028425 0.0000000
13.4997678 0.8447336 0.1114473 0 1.3002714 0.0000000
13.8163572 0.8328618 -0.0699137 0 0.2382770 0.0000000
13.8431325 0.7545073 -0.0719025 0 0.1009154 0.0017094
14.3838884 0.7095791 -0.0161156 0 0.0993727 0.0000000
14.4493880 0.7414227 0.0392915 0 0.1411792 0.0000000
14.0117095 0.7623091 0.0324864 0 0.2974340 0.0000000
14.2213696 0.7321900 -0.0471614 0 0.1991527 0.0016026
14.4297439 0.8040245 0.0806470 0 0.1358114 0.0000000
14.3088333 0.8276236 -0.0213261 0 0.1803166 0.0012346
14.6468441 0.7362027 -0.0897431 0 0.1368752 0.0000000
14.7176095 0.7014464 0.0118676 0 0.1099812 0.0030628
14.1294925 0.7373227 0.0394931 0 0.4360430 0.0050251
13.1747755 0.7845082 -0.0087805 0 -1.0000000 0.0000000
12.5070768 0.7381491 -0.0396751 0 -1.0000000 0.0000000
13.6610753 0.7251518 0.1134136 0 0.4158780 0.0000000
12.8905246 0.8420900 0.0561687 0 0.9203056 0.0000000
13.1926559 0.8257709 -0.1205582 0 0.7605880 0.0000000
13.4163053 0.7255891 -0.0708006 0 0.2706787 0.0000000
13.4637450 0.7002827 0.0361405 1 0.1376083 0.0000000
12.0658043 0.7669418 0.0917336 0 0.7675610 0.0077519
13.2225833 0.8185864 -0.0355946 0 0.2837509 0.0000000
13.6451006 0.7158545 -0.0754285 0 0.1640264 0.0000000
13.4243699 0.7102355 0.1007373 0 0.4811315 0.0000000
11.7024130 0.8018545 -0.0433643 0 0.7569384 0.0000000
12.8232428 0.7776700 0.0001456 0 0.4646803 0.0000000
11.5832255 0.7867336 0.0168690 0 0.5899948 0.0000000
12.8084824 0.7772645 -0.0016793 0 0.8027155 0.0000000
11.7884869 0.8076418 0.0399114 0 1.1605802 0.0000000
11.5312662 0.7790364 -0.1044800 0 1.5628544 0.0000000
11.7884869 0.7147991 -0.0221482 0 1.4914568 0.0000000
10.3048442 0.7828909 0.1494336 0 0.3668131 0.0000000
11.1056036 0.8338127 -0.0154660 0 1.7292250 0.0000000
11.8485044 0.8008473 -0.0215569 0 2.2044453 0.0000000
11.7246359 0.7915555 -0.0083399 0 1.8760067 0.0000000
11.9759485 0.8125773 -0.0250794 0 0.7520158 0.0000000
12.1116136 0.7645655 -0.0369982 0 0.6449462 0.0000000
10.4718932 0.7355900 0.0125508 0 0.9552028 0.0000000
11.3409146 0.6959836 -0.0699924 0 0.9252567 0.0000000
11.2913182 0.7731509 0.1526782 0 0.7028256 0.0000000
8.8233535 0.7914064 -0.0252173 0 0.8988765 0.0000000
11.6911135 0.7775936 -0.0653397 0 1.1283233 0.0000000
11.4332868 0.7599245 0.0146611 0 0.1545215 0.0000000
11.6445939 0.7845891 0.0548669 0 0.3790916 0.0000000
11.7463757 0.8204173 0.0282271 0 0.3995962 0.0166667
11.9587068 0.7640755 -0.1169700 0 0.2382010 0.0000000
11.4622741 0.7037318 0.0157032 0 0.2959513 0.0000000
11.5704866 0.7647264 0.0988909 0 0.3760377 0.0000000
11.4332868 0.8682473 0.0579470 0 0.7422768 0.0000000
11.7676530 0.8569518 -0.0642041 0 0.3212583 0.0000000
11.7355649 0.8162582 0.0062419 0 0.2844290 0.0000000
11.7676530 0.8401700 0.0066744 0 0.3109631 0.0000000
11.4764586 0.7705200 -0.1254255 0 0.4488756 0.0000000
11.7781242 0.7233764 -0.0170532 0 0.1568557 0.0000000
11.4034342 0.7596855 0.1528473 0 0.6169281 0.0000000
11.3409146 0.8635527 0.0346573 0 0.4168780 0.0000000
11.9142554 0.8627509 -0.0454520 0 0.2682852 0.0000000
12.5318919 0.8141455 -0.0176423 0 0.2592919 0.0000000
12.1190485 0.8160700 -0.0187203 0 0.4163102 0.0000000
11.9673648 0.7441964 -0.1023036 0 0.5580989 0.0000000
12.4232585 0.7791845 0.1369555 0 0.3509036 0.0000000
12.1116136 0.7921109 -0.1123764 0 0.3295757 0.0000000
12.3842565 0.7014491 -0.0302321 0 0.2187647 0.0000000
11.8387483 0.6831064 0.0076977 0 0.2963680 0.0000000
11.1650262 0.7366627 0.0816112 1 0.0000000 0.0000000
0.0000000 0.7847773 -0.0391706 0 -1.0000000 0.0000000
12.1482475 0.7325118 0.0244434 0 0.7269423 0.0000000
12.0259587 0.8387382 0.0009435 0 0.3693143 0.0232558
11.4332868 0.7799955 0.0041718 0 0.4398500 0.0000000
11.2391331 0.7590200 -0.0394739 0 0.3400225 0.0000000
8.8233535 0.6902991 -0.0681197 0 0.0000000 0.0000000
0.0000000 0.6827691 -0.0030486 0 -1.0000000 0.0000000
8.3126260 0.6469318 -0.0391811 0 3.7136850 0.0000000
10.4326736 0.7595827 0.1723982 0 4.0194375 0.0000000
10.1582460 0.8004509 -0.0085725 0 4.3854783 0.0000000
10.9514555 0.7664727 -0.0483475 0 1.6589760 0.0000000
11.2742240 0.7228209 -0.0353182 0 0.8737223 0.0000000
10.9979747 0.7409109 0.0394419 0 0.6696485 0.0000000
10.4718932 0.7245945 -0.0117360 0 0.8185210 0.0000000
10.9273583 0.7880709 0.1455755 0 1.5738183 0.0000000
10.6149902 0.8303736 -0.1204882 0 0.4402905 0.0000000
11.3569147 0.7158800 -0.0772890 0 0.4274503 0.0000000
11.1258060 0.7123809 0.0808440 1 -1.0000000 0.0000000
9.4110747 0.7907845 0.0436199 0 0.7797840 0.0000000
11.3409146 0.8518700 0.0229013 0 0.1791309 0.0000000
11.9759485 0.7736300 -0.1237182 0 0.1308273 0.0000000
11.5575833 0.7645109 0.0480982 0 0.3921484 0.0000000
11.7135862 0.8493209 0.1635336 0 0.2371519 0.0000000
11.7781242 0.8815736 -0.1118855 0 0.2760882 0.0000000
12.2571982 0.7844745 -0.0678085 0 0.2061885 0.0000000
12.0735864 0.7630018 0.0592060 0 0.1983676 0.0000000
11.1056036 0.7958473 -0.0114859 0 0.6086070 0.0000000
11.5312662 0.7039909 -0.1036136 0 0.5122983 0.0000000
11.8088956 0.7002936 0.0577131 0 0.2744143 0.0000000
11.3881669 0.7735309 0.1241855 0 0.4702874 0.0000000
11.8959064 0.8845600 0.0240363 0 0.3182211 0.0000000
12.1482475 0.8463991 -0.0812476 0 0.1350868 0.0000000
11.6911135 0.7971827 -0.0149275 0 0.1471396 0.0000000
11.7570709 0.7937491 0.0010341 0 0.2684732 0.0000000
11.6326178 0.7370491 -0.0900928 0 0.2990104 0.0000000
11.7024130 0.7289736 0.0509165 0 0.3052801 0.0000000
11.6445939 0.7906136 0.1243464 0 0.4940389 0.0000000
12.0420879 0.9006673 -0.0108524 0 0.3681989 0.0000000
12.1835867 0.8541809 -0.0321055 0 0.1668723 0.0000000
12.4011582 0.7902645 -0.0407189 0 0.1338208 0.0000000
12.6902349 0.7759809 -0.0227212 0 0.2017333 0.0000000
12.5982667 0.7804727 0.0155045 0 0.1892336 0.0000000
12.3013692 0.7829527 -0.0590400 0 0.3704061 0.0000000
12.3377367 0.7475082 0.0419914 0 0.3441095 0.0090090
12.6648099 0.8053645 0.0829390 0 0.2327469 0.0000000
12.4918867 0.8714709 -0.0305260 0 0.1979974 0.0135135
12.6860421 0.7519627 -0.1042336 0 0.1368345 0.0000000
12.6119343 0.7126718 0.0066182 0 0.1682853 0.0000000
11.7355649 0.6498245 -0.1010318 0 0.7585496 0.0000000
11.8189459 0.6864373 0.1516009 0 0.7766033 0.0000000
7.2145044 0.7592645 0.0748387 0 -1.0000000 0.0000000
11.0849847 0.7740545 -0.1455545 0 1.9763268 0.0000000
11.7463757 0.7178800 -0.0032496 1 1.1905984 0.0000000
9.1597836 0.7029155 0.0167829 0 0.6374005 0.0000000
12.0012662 0.7272209 0.0790294 0 0.8192941 0.0000000
12.1835867 0.8088627 -0.0074378 0 0.5051688 0.0153846
11.7246359 0.8359545 0.0341357 0 0.3157814 0.0000000
11.8088956 0.7832045 -0.0860902 0 0.2455459 0.0144928
12.0658043 0.7247255 -0.0402987 0 0.2959139 0.0000000
11.9928980 0.6987918 -0.0051326 0 0.2108360 0.0000000
11.8189459 0.7647845 0.0434152 0 0.3116904 0.0000000
12.2636290 0.7747536 0.0563050 0 0.1712694 0.0000000
12.0658043 0.7850300 0.0521605 0 0.2110353 0.0000000
11.8288961 0.8724818 0.0199377 0 0.3186166 0.0068493
12.4764623 0.8054445 0.0180303 0 0.1087367 0.0000000
12.6431172 0.8946900 -0.0057358 0 0.1034768 0.0000000
13.2775552 0.8352927 -0.1090673 0 0.1135402 0.0037879
13.5921957 0.7880118 0.0628937 1 0.1280518 0.0000000
12.9471120 0.8536927 -0.0487257 0 0.1768245 0.0000000
13.7562413 0.6983318 -0.0741672 0 0.1982558 0.0000000
13.7916307 0.7323855 0.0629170 0 0.1472315 0.0000000
13.0745566 0.8352200 0.0696781 0 0.8352548 0.0000000
13.4403064 0.8287909 -0.0114215 0 0.5102476 0.0000000
13.2564029 0.8256791 -0.0380282 0 0.4041879 0.0000000
0.0000000 0.7666909 -0.0225956 0 -1.0000000 0.0000000
13.5750721 0.7574691 0.0008173 0 0.9478181 0.0000000
13.4223598 0.8069600 -0.0003134 0 0.4562686 0.0000000
13.0308817 0.7321209 -0.0111038 0 0.4008807 0.0098039
12.2826771 0.7445309 -0.0245386 0 0.3618032 0.0000000
12.3612671 0.7437355 -0.0106308 0 0.9438796 0.0000000
13.1081732 0.7676545 0.0818040 0 0.3889287 0.0000000
13.1644128 0.7774255 -0.0341832 0 0.2805282 0.0000000
13.1513065 0.7046927 -0.0692081 0 0.2284848 0.0000000
13.3812863 0.6975191 0.0259926 0 0.1694662 0.0000000
13.3493348 0.7237555 0.0549371 0 0.1822583 0.0000000
13.2540248 0.7956027 0.0756746 0 0.1268575 0.0000000
13.6705391 0.8560609 -0.0043330 0 0.1613134 0.0000000
13.5887944 0.8217955 -0.0787042 0 0.2218771 0.0018215
14.0016141 0.7908936 -0.0059682 0 0.1739286 0.0000000
14.1769590 0.7720745 -0.0005582 0 0.1133370 0.0011521
14.4457792 0.7826273 0.0411216 0 0.1125024 0.0000000
14.4679467 0.7863891 -0.0538235 0 0.1124474 0.0000000
13.4847581 0.7616391 -0.0139505 0 0.4656788 0.0032895
13.3252373 0.7565236 -0.0080583 0 0.7124946 0.0016181
13.2077316 0.8297082 0.1747891 0 0.5620071 0.0000000
14.5500544 0.8895827 -0.0956000 0 0.2187818 0.0000000
14.4127001 0.8060655 -0.0324377 0 0.1257938 0.0000000
13.7075233 0.7664973 0.0042408 0 0.2514412 0.0021978
14.1891829 0.7485736 -0.0724303 0 0.3691549 0.0033333
13.6705391 0.7531036 0.0233305 0 0.4037148 0.0000000
13.6922791 0.7527545 0.0034616 0 0.6936695 0.0000000
12.5608793 0.8421518 0.1800164 0 1.4114160 0.0104167
12.6818316 0.8784600 -0.1171373 0 1.2912539 0.0000000
11.0639316 0.7698636 -0.0767022 0 1.6014325 0.0000000
12.2376537 0.6896955 -0.0568073 0 -1.0000000 0.0000000
0.0000000 0.6940136 0.0823541 0 -1.0000000 0.0000000
13.0688423 0.7745464 0.0658688 0 1.4453733 0.0019455
9.2933019 0.7733218 -0.0682115 0 0.1259907 0.0023923
14.2437419 0.7644573 -0.0187531 0 0.1642024 0.0000000
13.7373317 0.7344064 -0.0643648 0 0.2053414 0.0000000
13.5071889 0.8327791 0.2197782 0 0.3832270 0.0000000
14.0869329 0.8650291 -0.0368296 0 0.2157216 0.0000000
14.4186614 0.8269000 -0.0710602 0 0.1253340 0.0000000
14.3063426 0.7744964 -0.0186606 0 0.1913040 0.0054795
13.6922791 0.7374591 -0.0141157 0 0.3592101 0.0000000
13.6626589 0.7728909 0.0488480 1 0.4610936 0.0149254
0.0000000 0.7984545 -0.0227552 0 -1.0000000 0.0054645
13.6845690 0.7386591 -0.0288244 0 1.2324717 0.0033898
13.5767977 0.8753836 0.1386318 0 0.3508660 0.0000000
13.5955856 0.7733436 -0.2278218 0 0.4233435 0.0044248
13.5594060 0.6543800 0.0102162 0 0.2654922 0.0000000
13.2347934 0.6695191 0.0578418 0 0.3021690 0.0000000
11.2568325 0.7099400 0.0185133 0 0.3009419 0.0000000
13.0128632 0.7754136 0.0235845 0 0.6893806 0.0000000
13.6321344 0.7958082 0.0104335 0 0.3420598 0.0029762
13.4656736 0.7672682 -0.0454686 0 0.2175786 0.0000000
13.7733846 0.8168191 0.1026609 0 0.1514228 0.0000000
13.3707489 0.8633509 0.0189141 0 0.1366116 0.0000000
13.2587754 0.8383164 -0.0078687 0 0.4057576 0.0000000
13.8983810 0.8025618 -0.0200432 0 0.1894589 0.0000000
13.3622382 0.8681118 0.0272286 0 0.3583283 0.0048544
13.8549514 0.8181127 -0.0677490 0 0.2608051 0.0000000
13.3979187 0.7352191 -0.0572450 0 0.1982342 0.0000000
13.8549514 0.7042718 -0.0201506 0 0.2489809 0.0000000
12.7628473 0.6918009 0.0020313 0 0.6753855 0.0000000
12.5020391 0.6972345 0.0165185 0 1.0225936 0.0000000
11.1258060 0.7257664 -0.0328737 1 1.4398100 0.0000000
11.6326178 0.6861318 -0.0029260 0 1.5298706 0.0000000
10.6795272 0.7243373 -0.0160456 0 2.1948400 0.0000000
10.5096324 0.7204800 -0.0201980 0 3.0340000 0.5053760
12.3257605 0.6078900 -0.0656750 0 3.1449903 1.0000000
12.3075230 0.5837591 -0.0060360 0 0.2765933 1.0000000
