13.8883306 0.6562427 0.0041904 0 0.4694327 0.0000000
12.6818316 0.8066000 0.1467973 1 0.2736041 0.0000000
12.7471636 0.7961718 0.0074970 0 0.2474960 0.0000000
12.5750639 0.8212773 -0.0080681 0 0.4108821 0.0000000
12.7589486 0.7718455 -0.1026209 0 0.3110445 0.0080000
12.6944103 0.7049655 -0.0355512 0 0.2802565 0.0000000
12.1410273 0.7016982 0.0109407 0 0.3877770 0.0000000
12.1264286 0.7108482 0.0529754 0 0.4797937 0.0000000
12.4607963 0.7240618 -0.0085176 0 0.4751930 0.0000000
12.5936691 0.7651145 0.0715984 0 0.2024461 0.0000000
12.5936691 0.7976327 -0.0454734 1 0.1508675 0.0068493
12.6690926 0.7410518 0.0111107 0 0.2789957 0.0000000
11.4478855 0.7828091 0.0164993 0 1.2876338 0.0000000
12.5170769 0.7155909 -0.0613124 0 0.0836555 0.0000000
12.5982667 0.7062027 0.0077793 1 1.3200538 0.0000000
0.0000000 0.7347555 -0.0020241 0 -1.0000000 0.0000000
9.6117305 0.7434818 -0.0193878 0 0.4390123 0.0000000
13.1326641 0.7116364 -0.0340866 0 0.1359189 0.0000000
12.8556780 0.7348900 0.1031527 0 0.1593552 0.0000000
11.1056036 0.7346436 -0.0581648 1 1.1726067 0.0000000
13.1218532 0.6923300 -0.0431829 0 0.4184650 0.0031250
13.5594060 0.6914773 0.0284607 0 0.1346974 0.0000000
12.6254176 0.7332673 0.0217455 0 0.6927561 0.0000000
12.6254176 0.7872373 0.0904565 1 0.3999546 0.0093458
12.4359177 0.8256336 0.0281105 0 0.2879155 0.0000000
12.9142143 0.7780064 -0.1769927 0 0.1109415 0.0000000
13.3896371 0.6807082 0.0112045 0 0.0000000 0.0000000
0.0000000 0.7624291 0.1103891 1 0.0000000 0.0000000
0.0000000 0.8056964 0.0259853 0 -1.0000000 0.0000000
12.5608793 0.8176245 -0.0037281 1 0.8341611 0.0000000
13.3707489 0.8157891 -0.0217067 0 0.1314004 0.0000000
13.3749772 0.7449936 -0.0536226 0 0.1398834 0.0000000
12.7392242 0.7461255 0.0932609 0 0.4986637 0.0000000
11.9322738 0.8453836 0.0055938 0 1.0375044 0.0000000
13.2752269 0.8629845 0.0503449 0 0.4360267 0.0041667
13.2225833 0.8211991 -0.1132791 0 0.2096470 0.0000000
13.3812863 0.7652164 -0.0088081 0 0.3132427 0.0000000
13.2323633 0.7248045 -0.0638602 0 0.2603083 0.0000000
12.6518508 0.7062764 0.0145414 0 0.5099918 0.0000000
11.5704866 0.7296582 0.0254044 0 0.7488043 0.0000000
11.5832255 0.7435218 0.0041960 0 1.4535644 0.0000000
12.1337546 0.7225627 -0.0406856 0 1.2339712 0.0000000
12.2109856 0.7003227 0.0031981 0 0.5416302 0.0000000
10.7691374 0.7211682 0.0343176 1 1.2389340 0.0000000
10.7691374 0.7819245 0.0051930 1 1.9347440 0.0000000
12.3554362 0.7638345 0.0177414 0 0.7076935 0.0000000
12.6431172 0.8099300 0.0730570 0 0.2098534 0.1923080
12.1264286 1.3636364 0.0000000 1 0.2674652 1.0000000
9.5164270 1.3636364 0.0000000 0 0.0000000 0.0000000
0.0000000 0.9650764 -0.1013645 0 -1.0000000 0.0000000
11.4034454 0.8438209 -0.0240071 0 0.0848276 0.0000000
13.5558910 0.8219336 -0.1425800 0 0.2155813 0.0000000
13.1850320 0.7408418 0.0380084 0 0.4189322 0.0000000
13.1926559 0.8125145 0.0249083 0 0.4059064 0.0000000
12.3436714 0.7378927 -0.0836736 1 0.8267073 0.0000000
13.0602092 0.6714545 -0.0488503 0 0.7538018 0.0000000
10.9514555 0.7034473 0.0923627 0 1.6332650 0.0000000
9.8528782 0.8226045 0.0296507 11 2.2691700 0.0000000
11.2913182 0.8107909 0.1356691 0 2.5405881 0.0000000
12.7935009 0.8684927 -0.0902555 0 0.3503536 0.6666670
11.8189459 0.8103309 0.0097987 0 0.4571911 0.0000000
10.5096324 0.8669518 0.0502288 0 0.0000000 0.0000000
0.0000000 0.8575082 -0.0071336 3 0.0000000 0.0000000
0.0000000 0.9126318 0.0763318 0 -1.0000000 0.0000000
10.9514555 0.8853164 -0.1079764 0 0.1632290 0.0000000
11.6326178 0.8368427 0.0073688 0 0.7841033 0.0000000
9.2933019 0.8925782 0.0358443 0 -1.0000000 0.0000000
10.1041810 0.8457782 -0.0603202 0 -1.0000000 0.0000000
11.6796849 0.8377627 0.0318085 0 3.5667031 0.0000000
10.9979747 0.8145627 -0.1157882 0 3.8963533 0.0000000
10.7973077 0.7589509 0.0602474 0 4.8997725 0.0000000
8.3126260 0.8556400 0.0671663 1 -1.0000000 0.0000000
10.9026662 0.9182636 0.0110717 0 6.3361450 0.0000000
13.0098283 0.7975482 -0.0542164 11 2.8776578 0.0000000
13.1951844 0.8791273 0.0935300 0 0.1341834 0.0000000
12.4712675 0.9314673 0.0054583 0 0.3167919 0.0000000
10.1041810 0.8954827 -0.0400275 0 0.8696040 0.0000000
11.7355649 0.9109445 0.0209238 0 1.8234245 0.6666670
11.8485044 0.8382818 -0.1211336 0 1.8397196 1.0000000
11.2211149 0.8375855 0.0772698 0 0.0000000 0.0000000
0.0000000 0.8973536 0.0450099 3 0.0000000 0.0000000
0.0000000 0.8804055 -0.0190548 0 -1.0000000 0.0000000
0.0000000 0.8854000 0.0054897 0 -1.0000000 0.0000000
9.7787743 0.8700191 -0.0353765 0 0.8159654 0.0000000
10.7102982 0.8867982 0.0927027 0 0.7985899 0.0000000
10.8773488 0.9450927 -0.0367378 0 0.2592302 0.0000000
12.1905071 0.8825018 0.0216042 0 0.9770338 0.0000000
10.9026662 0.9508955 -0.1047700 0 0.7659717 0.0000000
10.5459991 0.8386082 -0.0408695 0 1.7623480 0.0000000
11.3081251 0.8557609 0.1106545 0 1.8580200 0.0294118
11.4184719 0.8617109 -0.0991155 0 0.8141285 0.0000000
11.5832255 0.8081236 0.0366303 0 0.9099831 0.0000000
11.7676530 0.8474482 0.0153310 0 0.6670184 0.0000000
11.1840741 0.9318600 0.1020500 0 1.0535529 0.0000000
11.9587068 0.9638264 -0.0378468 0 0.4822832 0.0000000
12.3899222 0.9186055 -0.0674554 0 0.1274145 0.0000000
12.2951772 0.8260200 -0.0607553 0 0.2342399 0.1123600
12.2244085 0.8203373 0.0909645 0 0.0000000 0.0000000
0.0000000 0.9066936 -0.0716826 0 0.0000000 0.0000000
0.0000000 0.8384364 0.1128473 0 -1.0000000 0.0000000
0.0000000 0.9325100 -0.0105844 1 0.0000000 0.0000000
0.0000000 0.8894427 -0.0491616 0 -1.0000000 0.0000000
9.6987363 0.8960527 0.0187956 0 0.3096430 0.0000000
11.4034342 0.8945273 0.0043279 0 0.4933909 0.0000000
10.7973077 0.8547255 -0.0800402 0 1.7679586 0.0000000
11.2027660 0.8209100 -0.0187211 0 0.9526068 0.0000000
12.4555192 0.8611264 0.1118764 0 0.1309962 0.0000000
12.1766181 0.8647464 -0.0575805 0 0.2086203 0.0000000
12.7744528 0.8384073 0.0304014 0 0.2052529 0.0000000
12.7511055 0.8760555 -0.0553575 0 0.1522343 0.0000000
12.9567739 0.7792236 -0.0057381 0 0.1248884 0.0000000
13.3140889 0.8295891 -0.0326584 0 0.1207786 0.0000000
13.3028149 0.7747555 0.0106226 0 0.1288665 0.0000000
13.4714373 0.8514373 0.0942918 0 0.1192863 0.0000000
13.7504610 0.7480655 -0.1786555 0 0.1034296 0.0026810
13.7284821 0.7853645 0.1669164 0 0.1186725 0.0000000
12.2700188 0.8322718 -0.0566439 11 0.6267587 0.3239440
12.3197182 0.8878673 0.0785510 0 0.8045550 1.0000000
10.8513738 0.8618036 -0.1558555 3 0.0000000 1.0000000
0.0000000 0.7533118 0.0526149 0 -1.0000000 0.0000000
11.0639316 0.7449391 -0.0673660 1 0.1852120 0.0000000
12.5982667 0.7794718 0.0711154 0 0.4892926 0.0000000
13.1272733 0.7694073 -0.0319919 1 0.2640572 0.0000000
13.8588602 0.7915682 0.0556145 0 0.1224946 0.0000000
12.6343066 0.7545882 -0.0351167 1 0.3672900 0.0044843
13.2682094 0.8202064 0.0596729 0 0.3729005 0.0000000
13.6006489 0.8389755 0.0195661 0 0.2259561 0.0000000
13.6845690 0.9079645 0.0268579 0 0.1628856 0.0033557
13.5853814 0.9023564 -0.0574195 0 0.1864910 0.0000000
13.3999784 0.7891836 0.0083157 0 0.2109558 0.0000000
13.1926559 0.9172645 0.1022682 0 0.2534520 0.0000000
12.6518508 0.8897236 -0.0883319 0 0.4869385 0.0000000
13.7387990 0.8072527 -0.0708259 0 0.0857389 0.0022173
13.9959612 0.8393518 0.0268903 0 0.1005918 0.0000000
13.5541289 0.8194918 0.0330313 0 0.4213512 0.0000000
13.5071889 0.8231764 -0.0089141 0 0.1826082 0.0028818
13.8122783 0.8677518 0.0278015 0 0.1949493 0.0000000
13.9566498 0.8771755 -0.0603274 0 0.1176981 0.0019157
14.1023415 0.8422100 0.1055691 0 0.0926291 0.0014184
14.3753909 0.9244327 -0.0588833 0 0.1204366 0.0014970
14.4622729 0.8448818 0.0661540 0 0.1110425 0.0000000
14.4565668 0.8458891 -0.0971073 1 0.1374366 0.0000000
14.2303787 0.8581927 0.0134640 0 0.2561607 0.0011876
14.9371311 0.8656200 0.0746929 0 0.1054732 0.0022422
14.0769998 0.8815400 -0.0543451 0 0.3623952 0.0032103
14.5934009 0.8381064 0.0432024 0 0.2737698 0.0000000
14.7852423 0.9235445 0.0857620 0 0.1295703 0.0021075
14.6626848 0.8802027 -0.1551800 0 0.1350652 0.0011429
14.8265997 0.8210136 -0.0115026 0 0.1397707 0.0000000
15.0052914 0.8377418 0.0153378 0 0.1434958 0.0000000
14.8256111 0.8424982 0.0497249 0 0.1438603 0.0000000
14.8364326 0.9074491 0.0408879 0 0.1896819 0.0011274
14.8300522 0.8950591 -0.1757527 0 0.1889197 0.0000000
14.8393637 0.7651136 0.0933982 0 0.1481783 0.0000000
14.8625084 0.9128173 0.0838165 0 0.1763042 0.0021413
14.1344405 0.8848282 -0.0742526 0 0.3949935 0.0016611
14.7612704 0.8475991 0.0033471 0 0.2226947 0.0026178
14.1471921 0.8644309 -0.0157131 0 0.5192530 0.0000000
14.5047436 0.8687445 0.0358132 0 0.2678714 0.1460670
13.6594893 0.8570455 -0.0048495 0 0.3373776 1.0000000
12.4816303 0.8742764 -0.0334416 0 1.1599179 1.0000000
11.2027660 0.7360982 -0.1218882 0 1.8226486 0.0000000
8.8233535 0.7959991 0.1015727 0 0.0000000 0.0000000
0.0000000 0.8061164 0.0189318 11 -1.0000000 1.0000000
9.0056505 0.8097218 -0.0174246 0 0.0000000 0.0000000
0.0000000 0.8546418 0.0573185 0 0.0000000 0.0000000
0.0000000 0.8174882 -0.1001309 3 -1.0000000 0.0000000
0.0000000 0.8243545 0.1004673 0 -1.0000000 0.0000000
0.0000000 0.8950164 0.0834132 0 0.0000000 0.0000000
0.0000000 0.9223309 -0.1118745 0 0.0000000 0.0000000
0.0000000 0.8345955 0.0558142 0 0.0000000 0.0000000
0.0000000 0.9003673 -0.0511035 0 0.0000000 0.0000000
0.0000000 0.7890427 -0.0862035 0 -1.0000000 0.0000000
10.0470250 0.8459200 0.1116236 0 0.2080078 0.0000000
12.2763680 0.7946709 -0.1545745 0 0.7436192 0.0060976
12.9631636 0.7517564 0.0833117 0 1.4922552 0.0000000
11.8866040 0.7946964 -0.0703671 1 1.7848433 0.0000000
13.8523371 0.7552000 0.0867169 0 0.4983905 0.0000000
13.3749772 0.8289300 -0.0452605 1 0.4905759 0.0000000
12.6028434 0.7243236 0.0111982 0 1.6325592 0.0000000
13.5218681 0.7825182 -0.0287818 1 0.5498435 0.0000000
13.2868145 0.6939709 -0.0284483 0 0.2567991 0.0000000
12.7744528 0.7097245 -0.0375220 0 0.6765412 0.0000000
11.4622741 0.7156027 0.0917591 0 1.4503700 0.0000000
12.1041230 0.8971545 0.1531100 0 0.9622824 0.0000000
11.7570709 0.8996445 -0.1116364 1 0.8902395 0.0000000
12.4011582 0.8171945 -0.0113226 0 0.9247772 0.0019920
14.0072353 0.8787727 0.1119400 1 0.1133187 0.0000000
11.8677357 0.8853791 -0.0255041 0 0.8176866 0.0021834
14.0468008 0.8941627 -0.0208594 0 0.1314082 0.0000000
13.7860519 0.8550064 -0.0548801 0 0.1732938 0.0000000
11.9928980 0.8300191 0.0066468 0 0.4613380 0.0000000
13.1460154 0.8458873 0.0180063 0 0.5682865 0.0000000
12.8732531 0.8160573 -0.0257015 0 0.6681429 0.0000000
13.2225833 0.8709473 0.1102573 0 0.4612569 0.0000000
12.4867716 0.9062564 -0.0737915 0 0.5272908 0.0000000
13.0158889 0.8619136 -0.0389039 0 0.3119525 0.0000000
13.0427161 0.7509427 -0.0550203 0 0.1785135 0.0000000
13.0485812 0.7383545 -0.0115289 1 0.1632980 0.0000000
12.7150295 0.7869755 0.0431651 0 0.1854229 0.0000000
12.2507257 0.8436382 0.0621865 1 0.5094370 0.0079365
11.8959064 0.8625973 -0.0078588 0 0.1704170 0.0000000
13.1299724 0.7886782 -0.0978855 0 0.3154341 0.0000000
13.7762134 0.7420391 0.0182125 0 0.0807596 0.0000000
13.9993568 0.8106000 0.0608681 1 0.1247501 0.0000000
14.1929143 0.9253664 0.0434253 0 0.0989258 0.0000000
13.6006489 0.8292373 -0.0294339 1 0.2349624 0.0000000
11.4904447 0.7743391 -0.0608313 11 -1.0000000 0.3388430
7.2145044 0.8297555 0.0148661 0 1.0500900 1.0000000
10.0470250 0.7669618 -0.0750152 2 0.0000000 1.0000000
0.0000000 0.7250636 0.0262979 0 0.0000000 0.0000000
0.0000000 0.8060773 0.0940609 1 0.0000000 0.0000000
0.0000000 0.7702491 -0.0895997 0 -1.0000000 0.0000000
10.8513738 0.8275491 0.0313363 1 0.1665032 0.0000000
11.9233051 0.8410727 0.0907163 0 0.2187601 0.0000000
11.2742240 0.9142573 0.0169896 0 0.6081954 0.0000000
12.5070768 0.8877173 -0.0452698 0 0.2023055 0.0000000
12.7312242 0.7795591 -0.0547831 0 0.1284571 0.0000000
12.9789617 0.7860600 -0.0131412 0 0.1241747 0.0000000
11.9051229 0.8268027 0.0689810 0 0.4498591 0.0116279
12.3436714 0.8457164 -0.0057639 0 0.2442416 0.0000000
12.7150295 0.8348791 -0.0312717 0 0.1717736 0.0000000
12.8084824 0.8183645 -0.0047481 0 0.1519202 0.0000000
12.7628473 0.8016373 -0.0425551 0 0.1765842 0.0000000
13.3471679 0.7662664 -0.0216305 0 0.1468742 0.0000000
13.2705540 0.7863864 0.0636192 1 0.1308901 0.2750000
12.4918867 0.7939882 0.0254144 0 0.3068426 0.3043480
10.3492945 0.8879127 0.0779386 0 0.1453140 0.0000000
13.4866467 0.8848400 -0.0364086 0 0.0827397 0.0018587
14.1393642 0.8706073 -0.0191322 0 0.0839749 0.0000000
14.4051982 0.8443364 -0.0507415 0 0.1124272 0.0000000
14.0638953 0.7809227 0.0073090 0 0.2315969 0.0012658
14.5636425 0.8116927 -0.0015024 0 0.1273933 0.0000000
14.4112042 0.8274145 0.0444554 0 0.1997968 0.0017544
14.3382472 0.8923836 0.0435074 0 0.2262954 0.0000000
13.3558073 0.9055155 0.0181286 0 0.1516310 0.0000000
14.1023415 0.8698764 -0.1186464 0 0.3046048 0.0014881
14.3589650 0.7754182 -0.0168185 0 0.1569617 0.0000000
13.5646553 0.8142000 0.0758858 0 0.3207847 0.0000000
13.5819568 0.8735491 0.0246268 0 0.5216558 0.0034130
13.4020339 0.9175964 0.0051228 0 0.3401780 0.0000000
14.1520535 0.8566745 -0.0230110 0 0.2161067 0.0000000
14.3730608 0.8803318 0.0482604 0 0.0940338 0.0011508
14.6474353 0.9159182 0.0059730 0 0.1044278 0.0026631
14.4194040 0.9220464 0.0033283 1 0.1628354 0.0000000
13.5698772 0.9221382 -0.0008698 0 0.4510940 0.0000000
13.5802400 0.8880518 -0.0737909 0 0.5354363 0.0032573
13.8149994 0.8509891 0.0022881 0 0.1626308 0.0000000
13.1433594 0.8217555 -0.0613979 0 0.3907047 0.0000000
12.3136392 0.7827991 -0.0216667 0 1.1492814 0.0000000
12.0579612 0.7451082 -0.0458904 0 1.5453633 0.0000000
0.0000000 0.7562755 0.0521085 1 -1.0000000 0.0000000
13.4263759 0.7802691 0.0489719 0 1.3937682 0.0000000
12.1696006 0.7872245 -0.0361606 1 1.5167735 0.0000000
11.4478855 0.8333027 0.0376164 0 2.0547664 0.0000000
12.3075230 0.7694727 -0.0819027 0 2.5517299 0.0000000
12.7272000 0.7537155 0.0681348 0 1.6679805 0.0000000
11.8288961 0.8170645 0.0164911 1 1.4184296 0.0000000
12.3670642 0.7033864 -0.1656991 0 1.9445503 0.0000000
11.9673648 0.7219582 0.1333227 0 0.0000000 0.0000000
0.0000000 0.8588655 0.1019064 1 -1.0000000 0.6260160
10.5810895 0.9020127 0.0046708 11 0.2136674 1.0000000
11.2742240 0.8785473 -0.1282845 0 0.0000000 0.0000000
0.0000000 0.6780591 -0.1258055 0 0.0000000 1.0000000
0.0000000 0.6803045 0.1200864 3 0.0000000 0.0000000
0.0000000 0.8189100 0.0982973 0 -1.0000000 0.0000000
8.8233535 0.8445509 -0.0465115 0 0.0812595 0.0000000
12.2700188 0.8775755 0.0682999 1 0.1068131 0.0000000
12.6028434 0.9032782 0.0538164 0 0.1331584 0.0000000
12.4764623 0.8741109 -0.1235073 0 0.1921425 0.0078125
12.8121930 0.7971755 -0.0326095 0 0.2468109 0.0000000
12.1116136 0.8332845 0.1040891 0 0.2581298 0.0000000
12.4232585 0.8849073 0.0201852 0 0.3010249 0.0000000
12.3670642 0.8611182 -0.0909006 0 0.2764921 0.0000000
12.3257605 0.8341009 0.0349878 0 0.1959172 0.0000000
12.3377367 0.8542891 -0.0086793 0 0.2126827 0.0000000
13.0717036 0.8623373 0.0584971 0 0.0821675 0.0000000
12.9471120 0.9204591 0.0138764 1 0.2591940 0.0000000
12.0177954 0.8335964 -0.1404482 0 0.2711372 0.0036900
13.5182185 0.8575400 0.1011527 0 0.1484467 0.0000000
13.4040852 0.8822918 -0.0138170 0 0.1463696 0.0053191
13.7874495 0.8625536 -0.0109563 0 0.0962291 0.0000000
13.7504610 0.8240473 -0.0111878 0 0.1807080 0.0000000
13.3318671 0.8371182 0.0091585 0 0.2845916 0.0000000
13.4442512 0.8108073 -0.0539675 0 0.2126233 0.0000000
12.9075029 0.7974091 0.0075850 0 0.3066358 0.0000000
13.0427161 0.8083455 0.0041227 0 0.2905798 0.0000000
12.9406185 0.7792536 -0.0611889 0 0.2487473 0.0000000
12.0500561 0.7546700 0.0317919 0 0.5057055 0.0000000
12.2507257 0.7783709 -0.0289125 1 0.4190671 0.0000000
12.2042059 0.7556218 0.0290532 0 0.1515293 0.0000000
12.4011582 0.8425709 0.1083791 1 0.2221802 0.0000000
12.2571982 0.8398500 -0.0849122 0 0.2390760 0.0071942
12.8084824 0.8050218 0.0425851 0 0.1020484 0.0000000
13.1591908 0.8686991 -0.0488715 0 0.0851014 0.0000000
13.4223598 0.8268982 0.0405346 1 0.1162862 0.0085106
13.2845077 0.8082436 -0.0431195 11 0.1739274 0.6375000
12.0889713 0.8435645 0.0731757 0 0.4334052 1.0000000
9.1597836 0.7895618 -0.1547491 0 1.7624700 1.0000000
7.9072836 0.7249000 0.0439033 0 0.0000000 0.0000000
0.0000000 0.7656155 0.0296455 3 0.0000000 1.0000000
0.0000000 0.7940436 0.0305374 0 0.0000000 0.0000000
0.0000000 0.8424791 0.0555644 1 0.0000000 0.0000000
0.0000000 0.9012582 0.0272313 0 -1.0000000 0.0000000
7.2145044 0.8845145 -0.0260320 0 0.3101640 0.0000000
13.0037307 0.8772055 -0.0072468 0 0.0929558 0.0039062
13.4040852 0.8386855 0.0070633 0 0.1953450 0.0045872
13.1824778 0.8709291 -0.0238277 0 0.2705160 0.0000000
13.0830673 0.8461518 -0.0141271 0 0.4517157 0.0000000
12.8627451 0.8257318 -0.0326301 0 0.1945601 0.0000000
12.3842565 0.8110891 0.0168938 0 0.2512502 0.0000000
12.6298720 0.8133527 -0.0233415 0 0.3458498 0.0000000
12.6690926 0.8426891 0.0611189 0 0.3397201 0.0000000
11.3881669 0.8722300 0.0012590 0 1.0598671 0.0000000
12.9789617 0.8190164 -0.0805291 0 0.2588713 0.0048544
13.2052347 0.7716382 0.0303308 0 0.0920218 0.0890411
12.2109856 0.8338873 -0.0091368 0 0.1827241 1.0000000
12.0965758 0.7624300 -0.0287235 2 0.0000000 1.0000000
0.0000000 0.8172636 0.0973518 0 -1.0000000 0.0101010
12.0095649 0.8679864 0.0787889 1 0.1624810 0.0000000
12.5464907 0.8388082 -0.2130000 0 0.1704117 0.0000000
12.8449827 0.8353236 0.1783764 1 0.2455060 0.0000000
12.8485605 0.9220236 0.0036435 0 0.2634050 0.0000000
13.4183276 0.8792655 -0.0534832 0 0.1230775 0.0000000
13.4363460 0.8799209 -0.0408321 0 0.1233317 0.0000000
12.9275035 0.7585591 -0.0191419 0 0.1011375 0.0000000
11.0204472 0.8724536 0.0414777 1 1.1390861 0.0070922
12.3842565 0.8928564 0.0980645 0 0.4376573 0.0000000
12.0889713 0.8542891 -0.2418355 0 0.3853528 0.0000000
11.3881669 0.7336945 0.0929409 1 1.9185120 0.0000000
11.2568325 0.8183582 0.0240701 0 1.8968581 0.0000000
11.4622741 0.8208291 0.0523068 1 0.8584378 0.0000000
11.1650262 0.8250882 -0.0916200 0 0.0000000 0.0000000
0.0000000 0.8216964 0.1011264 0 0.0000000 0.0000000
0.0000000 0.9202564 0.0326068 1 0.0000000 0.0000000
0.0000000 0.9067673 0.0034662 0 -1.0000000 0.0000000
11.6796849 0.8445455 -0.1403282 0 4.5449962 0.0000000
10.5459991 0.7914191 0.0618420 1 3.1959070 0.0000000
10.1041810 0.8091536 -0.0491745 0 1.5837675 0.0000000
9.7787743 0.8355655 0.0584019 0 2.9397100 0.0000000
10.2583258 0.8027982 -0.0014506 1 0.4957854 0.0000000
10.6149902 0.7420200 -0.1870036 0 1.6333450 0.0000000
12.3075230 0.6897891 0.0400327 0 1.9954645 0.0000000
11.1456084 0.7467173 0.1192909 1 1.3201956 0.0000000
11.7676530 0.8051564 -0.0282373 0 0.6973345 0.0000000
10.9514555 0.7451827 -0.0696019 0 0.1726560 0.0000000
11.9844592 0.7836491 0.1352445 1 0.1783285 0.0000000
12.3436714 0.7987809 -0.1094109 0 0.2187064 0.0000000
12.0579612 0.7360209 0.0558749 0 0.4769680 0.0000000
10.8247061 0.9001091 0.1030691 0 0.8630077 0.0000000
11.2913182 0.8804691 -0.0640765 1 0.9323063 0.0500000
11.3246542 0.8425609 -0.0088228 0 0.2893421 0.0000000
12.6028434 0.8432345 -0.0175393 0 0.1682723 0.0000000
11.8288961 0.7413209 -0.0295637 0 0.4568294 0.0000000
11.2568325 0.7530109 -0.1353364 0 0.7470701 0.0000000
11.0424257 0.6565327 -0.0249243 1 1.4023505 0.4081630
11.5958041 0.6804500 0.1386045 0 0.4874052 1.0000000
8.3126260 0.7804882 0.0228075 2 0.0000000 0.0000000
0.0000000 0.7004555 0.0023945 0 0.0000000 1.0000000
0.0000000 0.8267391 0.0479465 1 0.0000000 0.0000000
0.0000000 0.7904791 -0.0228177 0 0.0000000 0.0000000
0.0000000 0.8222309 0.0414726 0 0.0000000 0.0000000
0.0000000 0.9124355 0.0842769 0 -1.0000000 0.0192308
11.6445939 0.9184836 -0.0230016 0 0.1471529 0.0000000
12.8485605 0.9098645 -0.0286770 0 0.0958879 0.0000000
13.3791877 0.8603855 -0.0623287 0 0.0847490 0.0033333
13.4501393 0.8580236 0.0744830 0 0.1073246 0.0000000
12.7432003 0.9359991 0.0736491 0 0.4604311 0.0040486
13.4343599 0.9188609 -0.0326924 0 0.1781105 0.0000000
13.9423978 0.9363545 -0.1110445 0 0.1091704 0.0020920
13.9660395 0.7587664 -0.0723345 0 0.1412252 0.0000000
13.0943034 0.7746182 0.0591203 0 0.2348895 0.0000000
12.0500561 0.7989418 -0.0522095 1 1.4596797 0.0000000
12.4232585 0.7164400 -0.0958491 0 0.7686100 0.0000000
13.0189055 0.6541564 -0.0268810 0 0.7154596 0.0000000
12.4395189 0.7331300 0.2137573 1 1.0749841 0.0000000
11.5575833 0.8799155 0.0437050 0 1.4881170 0.0000000
13.2728932 0.8605600 -0.1236145 0 0.9189421 0.0024510
14.4749939 0.8897709 0.1945109 0 0.0978382 0.0036900
13.3791877 0.9093964 -0.1321982 0 -1.0000000 0.0000000
13.3274521 0.7926982 -0.0392173 0 0.0941887 0.0019380
13.8601598 0.8169718 0.0402459 1 0.1315674 0.0080645
13.7576812 0.8450282 -0.0087328 0 0.3028234 0.0000000
14.2946368 0.8897200 0.1356982 0 0.1299272 0.0018553
14.2240808 0.9606209 -0.0790192 0 0.1827611 0.0000000
14.7142982 0.8648909 0.0373283 0 0.1024920 0.0028490
14.3861935 0.9139900 -0.0073194 0 0.1655259 0.0012516
14.6421019 0.9113182 0.0283337 0 0.1012479 0.0010363
14.6713780 0.9595436 -0.0313043 0 0.0962117 0.0008985
15.0023947 0.9202573 -0.0225502 0 0.0897926 0.0013986
14.3534292 0.8427409 -0.0945555 0 0.2161332 0.0012106
14.6426959 0.8255255 0.0623215 0 0.1925939 0.0000000
14.1144997 0.7743245 -0.1342627 0 0.3916811 0.0009524
14.9789135 0.7723073 0.1331309 0 0.1076971 0.0000000
14.4763974 0.8169573 -0.0996855 1 0.1753926 0.0000000
13.8271535 0.7330318 -0.0344306 0 0.7228207 0.5925930
11.9233051 0.8332500 0.0946682 0 1.2247252 1.0000000
13.0067842 0.7478236 -0.1606318 2 2.4450157 0.0000000
0.0000000 0.7406555 0.2024173 0 0.0000000 0.0000000
0.0000000 0.8218564 0.0282664 1 0.0000000 0.0000000
0.0000000 0.9089309 -0.0153369 1 -1.0000000 0.0000000
7.2145044 0.8801382 0.0546965 0 0.1116550 0.0000000
12.0012662 0.9489355 -0.0302007 0 0.2793743 0.0000000
11.7246359 0.8782264 -0.0382762 0 1.2433772 0.0000000
11.7024130 0.8906845 0.0260356 0 2.2452143 0.0000000
13.2372177 0.8577009 -0.0230790 0 2.9019128 0.0056497
13.1799169 0.8624336 -0.0192986 0 0.3852731 0.0000000
13.3449964 0.8408227 -0.0163734 0 0.3082764 0.0000000
12.6474935 0.8657136 0.0418379 0 0.3915371 0.0000000
13.4383282 0.9120018 0.0441593 0 0.4604947 0.0057637
13.6938140 0.9323018 0.0327415 0 0.0943176 0.0024814
13.8958778 0.9101855 -0.0657555 0 0.1239399 0.0017301
14.1919827 0.8740400 0.0271369 0 0.0943517 0.0000000
13.4752614 0.9296591 0.1037027 0 0.1975376 0.0000000
13.9021239 0.8950127 -0.2222855 0 0.2625507 0.0042553
13.9637004 0.8784227 0.1463991 0 0.1931166 0.0000000
13.6073603 0.9039582 -0.0789831 0 0.2837531 0.0000000
14.1165118 0.8041500 -0.0914173 0 0.1910513 0.0000000
13.9914157 0.7449709 -0.0024306 0 0.1758442 0.0000000
13.3318671 0.7986009 0.0770887 0 0.3697253 0.0029586
13.8588602 0.7977418 -0.1501118 1 0.3540475 0.0000000
13.9058530 0.7410618 0.0758292 0 0.1701581 0.0000000
12.8047580 0.7941945 0.0254776 1 0.6500267 0.0054945
13.3140889 0.7902709 0.0782995 1 0.5711970 0.0000000
12.1190485 0.8605991 -0.0143558 0 1.5102415 0.0000000
9.9218676 0.9152882 0.0487319 0 2.0476467 0.0000000
11.8677357 0.8424745 -0.1177245 0 2.8423469 0.0000000
10.1041810 0.7881482 0.0121761 0 0.0000000 0.0000000
0.0000000 0.8314209 0.0178594 0 -1.0000000 0.0000000
8.6002467 0.7723464 -0.0102894 0 0.1566860 0.0000000
12.2763680 0.8664655 0.1456145 0 0.4263905 0.0000000
12.4764623 0.9235727 -0.1254400 0 0.1367851 0.0000000
12.8556780 0.8678927 0.0768900 0 0.1134656 0.0047170
13.2027316 0.9106527 -0.0108922 0 0.0915579 0.0035971
13.4885317 0.8561600 -0.0511387 0 0.0971923 0.0000000
13.8177131 0.8167727 -0.0011089 0 0.0968638 0.0000000
13.7299625 0.8182618 -0.0420484 0 0.1630894 0.0021142
13.9868495 0.8084882 -0.0188382 0 0.1095211 0.0000000
14.2759606 0.8214727 0.0108948 0 0.1070187 0.0000000
14.4216287 0.8063200 0.0513421 0 0.0977928 0.0012788
14.4179181 0.8801064 0.0563935 0 0.1149552 0.0014104
14.5674911 0.9217164 0.0350275 0 0.1271473 0.0000000
14.7302020 0.9324236 0.0529055 0 0.1366959 0.0000000
14.6058003 0.9289800 -0.0761455 0 0.1199265 0.0010428
14.8091560 0.8355409 -0.0815975 0 0.1297253 0.0000000
14.0733840 0.8268327 0.0115279 1 0.2706328 0.0000000
13.6705391 0.8267345 -0.1086609 0 0.3758845 0.0000000
12.0500561 0.8067773 0.1408409 0 1.6783864 0.0000000
11.5042378 0.7492745 -0.1969073 1 2.0392479 0.0000000
11.3246542 0.7469918 0.2139300 0 3.1258807 0.0000000
10.8773488 0.8348400 -0.0291608 1 4.2867891 0.0000000
12.7589486 0.8317091 -0.0045564 0 2.2818585 0.0052910
12.0012662 0.8091855 -0.0626894 0 0.2567032 0.0000000
11.5575833 0.7428473 -0.0488317 0 1.4149574 0.0000000
0.0000000 0.7572545 0.0116999 0 -1.0000000 0.0000000
0.0000000 0.7736164 0.0033169 1 -1.0000000 0.0000000
12.7935009 0.7517155 -0.0165887 0 -1.0000000 0.0000000
13.3118442 0.7069309 -0.0489173 0 2.4451000 0.0000000
12.2507257 0.6567164 0.0127809 1 2.7232112 0.0000000
11.3881669 0.7464264 0.0762728 0 2.5523722 0.0000000
12.1482475 0.7981864 0.0568656 0 2.3090213 0.0000000
12.9175532 0.8049518 -0.0466071 1 0.8514991 0.0000000
13.1747755 0.7165300 -0.1067727 0 0.5022533 0.0000000
11.4764586 0.6644664 0.0398352 0 1.3202981 0.0000000
11.7463757 0.7935673 0.1158964 1 1.5336431 0.0000000
12.7272000 0.8156764 -0.0721171 0 0.2242185 0.0000000
12.9975958 0.7453945 -0.0324584 0 0.1264662 0.0000000
13.2127067 0.7664609 0.0731727 0 0.1246672 0.0000000
12.4918867 0.8589745 -0.0001075 1 0.2138685 0.0000000
11.7246359 0.7214264 -0.1058082 0 1.0322800 0.0000000
13.2845077 0.7534345 0.0832212 0 0.0968703 0.0000000
11.7676530 0.7685564 -0.0669485 1 0.4828174 0.0058480
13.0573149 0.7892036 0.1389391 0 0.3231780 0.0000000
12.2889467 0.9028818 0.0823008 1 0.5021200 0.0000000
13.4752614 0.7735509 -0.1640991 0 0.2369049 0.0000000
13.5452715 0.8729864 0.0882364 0 0.1563883 0.0000000
13.6845690 0.8402082 -0.0543267 0 0.1526155 0.0040816
13.3875559 0.8386573 0.0813733 0 0.1640926 0.0000000
13.5938921 0.9001418 0.0780543 0 0.2237888 0.0000000
13.8484026 0.9194791 -0.1537518 0 0.1524763 0.0000000
14.0702311 0.8356655 0.0679951 0 0.1214487 0.0054945
14.0326932 0.8260145 -0.1217982 0 0.1028926 0.0020325
14.1966317 0.7622291 -0.0052085 0 0.1152696 0.0991379
13.8921113 0.8284273 0.0096340 0 0.2041256 1.0000000
0.0000000 0.7442527 0.0169617 2 0.0000000 0.0000000
0.0000000 0.8323855 0.0103313 0 -1.0000000 0.0000000
13.5034852 0.7475664 -0.0357567 1 0.2010185 0.0000000
13.9400026 0.7813591 0.0040869 0 0.2227576 0.0000000
10.3492945 0.8404045 0.0566629 1 1.1229200 0.0000000
13.1875798 0.8457627 0.1074582 0 0.3503898 0.0000000
13.5594060 0.9027573 -0.0148419 0 0.2803403 0.0030303
14.3260964 0.8742900 -0.0577451 0 0.0941953 0.0000000
13.8730632 0.8560645 0.0284118 0 0.1483775 0.0018450
14.2836431 0.8028427 -0.1477445 0 0.1459775 0.0000000
14.0072353 0.8081573 0.1369645 0 0.1086887 0.0000000
12.9663433 0.7848855 -0.1377773 1 0.5614721 0.0000000
13.0802385 0.6721718 -0.0951700 0 0.6125934 0.0000000
12.7628473 0.6856455 0.0703489 0 0.6638607 0.0000000
12.2442110 0.7769109 0.1413091 1 0.9133648 0.0000000
12.4011582 0.8087200 -0.1034100 0 1.2973700 0.0000000
12.9758220 0.8340136 0.1540536 0 0.8283070 0.0000000
12.4448809 0.7761645 -0.1280455 11111 0.1640329 0.0000000
12.0259587 0.8254673 0.1214664 0 1.1715961 0.0000000
11.7135862 0.9406491 0.0581007 0 0.0000000 1.0000000
0.0000000 0.9488973 -0.0091555 0 0.0000000 0.0000000
0.0000000 0.9318236 -0.0233896 0 0.0000000 0.0000000
0.0000000 1.3636364 0.0000000 0 0.0000000 1.0000000
0.0000000 0.7223255 -0.0919164 0 0.0000000 0.0000000
0.0000000 0.6387355 0.0362903 0 0.0000000 0.0000000
0.0000000 0.8099145 0.1737182 0 0.0000000 0.0000000
0.0000000 1.3636364 0.0000000 0 0.0000000 0.0000000
0.0000000 0.8115845 0.0601022 0 0.0000000 1.0000000
0.0000000 0.8363255 -0.0689912 0 0.0000000 0.0000000
0.0000000 0.7091527 -0.0932500 0 0.0000000 0.0000000
0.0000000 0.6953791 0.0249052 0 0.0000000 0.0000000
0.0000000 1.3636364 0.0000000 0 0.0000000 0.0000000
0.0000000 0.7462000 0.0662338 0 0.0000000 0.0000000
0.0000000 0.8239773 0.0638282 0 0.0000000 0.0000000
0.0000000 0.8708882 0.0355242 0 0.0000000 0.0000000
0.0000000 1.3636364 0.0000000 0 0.0000000 0.0000000
0.0000000 0.8593400 -0.0828925 0 0.0000000 0.0000000
0.0000000 0.8746773 0.0494254 3 0.0000000 0.0000000
0.0000000 0.8287109 -0.0981891 0 -1.0000000 0.0000000
12.3785585 0.7996673 0.0201260 1 0.1048264 0.0000000
13.1901211 0.7573382 -0.0083489 0 0.2486037 0.0000000
13.4422808 0.7875873 -0.0105869 1 0.1713880 0.0000000
13.1951844 0.7875127 0.0306522 0 0.1609524 0.0000000
12.6387216 0.7453373 -0.0182638 1 0.4450567 0.0000000
11.9233051 0.7952027 0.0683257 0 0.9433049 0.0000000
10.5096324 0.8544082 0.0033666 0 1.1404640 0.0000000
13.2492515 0.8404564 -0.0321369 0 0.4882043 0.0000000
12.3554362 0.8226964 -0.0305509 0 0.6102395 0.0000000
12.4607963 0.7855127 0.0529129 0 0.7280308 0.0000000
12.4287081 0.8083609 -0.1270573 1 0.6023215 0.0000000
13.0338534 0.6768027 -0.0589145 0 0.2491716 0.0064935
12.6164490 0.7535145 0.1591691 0 0.3734102 0.0000000
12.6119343 0.8286945 0.0488140 2 0.0000000 0.0000000
0.0000000 0.8592991 0.0428610 0 -1.0000000 0.0000000
13.3493348 0.8781382 0.0086571 0 0.1412943 0.0030303
13.6173437 0.8693682 -0.0959209 0 0.1290122 0.0000000
13.0006679 0.7938909 0.0308031 0 0.3385483 0.0000000
11.8387483 0.8209009 -0.0780165 0 0.6032515 0.0000000
12.7782915 0.7677400 0.0484485 0 0.7200515 0.0000000
13.2444553 0.8358355 -0.0031117 1 0.3746060 0.0000000
12.8521256 0.8027236 -0.0111031 0 0.2932279 0.0000000
12.8939434 0.8053273 0.0220676 1 0.1498145 0.0000000
12.0012662 0.7821800 -0.0282992 0 1.0442567 0.0000000
12.7068328 0.8779609 0.0962418 0 0.6282617 0.0000000
13.1081732 0.8313327 -0.1188636 0 0.3254080 0.0033003
13.5904965 0.7256555 -0.0376750 1 0.1826115 0.0291262
11.1056036 0.7919973 0.0958500 0 0.2200098 0.0000000
13.1539415 0.7467309 -0.1873727 1 0.0829254 0.0000000
13.9471711 0.6410618 0.0163198 0 0.1067025 0.0039683
13.2396361 0.7108382 0.1008282 0 0.2474577 0.0000000
12.8268991 0.8389373 0.1170936 1 0.6870624 0.0000000
12.8870941 0.8132364 -0.1210145 0 0.3037147 0.0000000
13.7343905 0.7621882 0.0397452 0 0.2305140 0.0000000
13.5452715 0.7749936 -0.1056627 1 0.1737101 0.0000000
13.7591190 0.7189818 0.0076754 0 0.2744282 0.0421053
13.0158889 0.7415827 0.0575225 1 0.1708491 0.0000000
11.6911135 0.7579818 0.0235606 0 1.1456542 0.0000000
7.9072836 0.8305127 0.0901311 0 -1.0000000 0.0000000
12.4341281 0.8905064 0.0641638 0 0.7611201 0.0000000
13.0830673 0.9138264 0.0076402 0 0.3155484 0.0039683
13.4752614 0.9126555 -0.0683968 0 0.2506862 0.0000000
12.7744528 0.9306655 0.0647035 0 0.3732519 0.0000000
12.2636290 0.9059282 -0.0435575 0 0.7602498 0.0096154
12.5608793 0.8472273 -0.0021626 0 0.4307198 0.0000000
12.2177196 0.9189073 0.0350238 1 1.6393019 0.0000000
10.5459991 0.9185155 -0.0702430 0 1.2480182 0.0000000
11.3881669 0.8238345 0.0106118 0 1.1395567 0.0000000
10.7401505 0.8734709 0.0190342 0 1.4109470 0.0000000
11.1650262 0.8695082 -0.0304864 0 2.3575343 0.0000000
10.6149902 0.8817627 -0.0026445 0 2.7558057 0.0000000
11.6082266 0.8765627 0.0543935 0 1.3995622 0.0000000
12.8377885 0.8428982 -0.0816114 0 0.0907847 0.0000000
13.2914122 0.8684464 0.0589796 0 0.1038223 0.0000000
13.5921957 0.8915200 -0.0169252 0 0.0976668 0.0026525
13.7431882 0.8575136 -0.0330909 0 0.1111986 0.0000000
13.1218532 0.8396909 0.0107252 0 0.2295310 0.0000000
12.4448809 0.8447500 -0.0427214 0 0.6665282 0.0000000
12.6028434 0.7944327 0.0392544 0 0.5447296 0.0000000
12.6985683 0.8591155 -0.0447617 0 0.3689597 0.0000000
11.8485044 0.8038518 0.0625892 0 1.2578054 0.0000000
11.4478855 0.8940291 -0.0122008 0 0.9458495 0.0000000
11.9411626 0.8901509 0.0516899 0 1.6027667 0.0000000
13.0573149 0.8485482 -0.1626264 0 0.4223960 0.0092593
13.3643726 0.7423191 0.0012005 0 0.1852025 0.0000000
11.7246359 0.7249982 0.0559189 1 0.1892980 0.0104167
12.4607963 0.7362709 -0.1280591 1 0.3449543 0.0000000
12.1264286 0.7956536 0.1540055 0 0.1752736 0.0000000
12.6073992 0.8176336 -0.0446450 1 0.3005117 0.0128205
12.3612671 0.8444873 0.0734217 0 0.7482066 0.0084388
13.3185632 0.8108209 -0.0909400 0 0.2382974 0.0058140
13.1218532 0.7880891 0.0476925 0 0.2467367 0.0000000
12.9663433 0.8447418 0.0077820 1 0.1716144 0.0000000
13.5938921 0.7714318 -0.0571177 0 0.3000086 0.0000000
11.2913182 0.8272818 0.1140091 1 0.2766407 0.0000000
12.0813084 0.8343373 -0.0441898 0 1.4087173 0.0000000
13.5681396 0.8300827 -0.0189011 0 0.2240720 0.0000000
13.1591908 0.8573082 0.1005627 0 0.1825170 0.0000000
13.1799169 0.9412118 -0.0149280 0 0.2434343 0.0000000
13.6938140 0.8415018 -0.0093950 0 0.1159463 0.0000000
13.4061323 0.8748473 -0.0546432 0 0.1672637 0.0000000
12.9631636 0.8345827 0.0300282 0 0.4347007 0.0070422
12.8939434 0.8672236 -0.0056951 1 0.2684809 0.0095238
13.0943034 0.8096664 -0.0701278 0 0.1441953 0.0000000
12.9535636 0.8407191 0.0792208 0 0.0925176 0.0000000
14.3104903 0.8770900 0.0024459 0 0.0793323 0.0047393
14.3179130 0.8150245 -0.0732552 0 0.0949216 0.0019531
14.0435628 0.8199736 0.0391258 0 0.1832850 0.0031056
13.4520944 0.8402200 0.0133595 0 0.3985636 0.0012195
14.7076426 0.8391845 0.0389647 0 0.0890496 0.0000000
14.3121446 0.8434100 -0.1114091 0 0.1504315 0.0000000
14.3784893 0.7656982 0.0261534 0 0.2053371 0.0000000
13.6579007 0.7742464 -0.0244082 0 0.3926695 0.0000000
12.6073992 0.7759673 0.0117775 0 1.1184236 0.0000000
12.0965758 0.8500145 0.0724215 0 1.9165450 0.0000000
12.4816303 0.8382900 -0.0647905 0 2.0930354 0.0000000
12.8697627 0.8162527 0.0451590 0 1.2709219 0.6901410
12.4177790 0.8530627 0.0777550 0 0.4808320 1.0000000
9.2933019 0.8329555 -0.1380345 21 1.1452222 1.0000000
10.6149902 0.7768055 0.0337332 0 0.0000000 1.0000000
0.0000000 0.8449082 -0.0176043 0 0.0000000 0.0000000
0.0000000 0.8169836 0.0343585 0 0.0000000 0.0000000
0.0000000 0.8415536 0.0129481 0 0.0000000 1.0000000
0.0000000 0.8423945 0.0151319 3 0.0000000 0.0000000
0.0000000 0.8828609 0.0724285 0 0.0000000 0.0000000
0.0000000 0.8997327 -0.0655150 0 0.0000000 0.0000000
0.0000000 0.8553609 -0.0356657 0 0.0000000 0.0000000
0.0000000 0.9125273 0.0869875 0 0.0000000 0.0000000
0.0000000 0.9126900 -0.0114935 0 -1.0000000 0.0000000
11.8387483 0.9097436 -0.0234767 0 0.1401151 0.0000000
10.8247061 0.8333445 -0.0680430 0 1.1994656 0.0000000
11.6681242 0.8193600 0.0590285 0 1.8951261 0.0000000
11.1650262 0.9588409 0.0462201 0 2.9514435 0.0000000
12.2507257 0.8469364 -0.1446336 0 3.8659197 0.0000000
12.6209434 0.8066327 0.1324527 0 2.4350244 0.0000000
11.0849847 0.8747709 -0.0352968 0 0.7137884 0.7647060
10.6477793 0.8812845 0.0466807 0 0.7910153 1.0000000
8.6002467 0.8964918 -0.0165359 2 0.0000000 0.0000000
0.0000000 0.9097255 -0.0062367 0 0.0000000 1.0000000
0.0000000 0.7815991 -0.1749309 0 0.0000000 0.0000000
0.0000000 0.7979982 0.2141691 0 0.0000000 0.0000000
0.0000000 0.8854945 -0.1014336 11 -1.0000000 0.0000000
7.2145044 0.8413327 0.0162701 0 0.9638450 0.0000000
10.6795272 0.8427455 -0.0015628 1 0.1583176 0.0000000
11.1650262 0.8149136 -0.0026534 0 0.5819013 0.0131579
12.0500561 0.8657118 0.0120890 0 0.1136511 0.0000000
12.2442110 0.8458336 -0.0518054 0 0.2271625 0.0000000
12.2889467 0.8785709 0.1530282 0 0.3454914 0.0000000
12.9663433 0.9063718 -0.1456082 0 0.1977194 0.0000000
13.1026483 0.8301127 0.1370518 0 0.1350447 0.0000000
13.3384533 0.9467809 -0.0188425 0 0.1174989 0.0000000
12.8836518 0.8874336 -0.0273025 0 0.1982975 0.0041494
13.4403064 0.8953700 -0.0620200 0 0.1494535 0.0000000
13.2682094 0.8519145 0.0380933 0 0.1819587 0.0000000
13.2705540 0.8690882 -0.0112407 0 0.2409156 0.0000000
11.8387483 0.8562791 -0.0356797 1 0.0000000 0.0000000
0.0000000 0.8770336 0.0313216 0 -1.0000000 0.0000000
11.2568325 0.8926173 0.0521381 0 2.2311083 0.0000000
11.5575833 0.8681255 -0.0020197 0 2.6433029 0.0000000
11.8288961 0.9107218 -0.0623279 0 1.6194907 0.0000000
12.6119343 0.8690891 0.0138718 0 0.8137767 0.0000000
12.6431172 0.8372882 -0.0340855 0 0.4231430 0.0000000
12.6605089 0.8604300 0.0326139 0 0.4883495 0.0000000
12.9208810 0.8309136 -0.0344361 0 0.1613327 0.0000000
13.1850320 0.8512818 -0.0484808 0 0.0926674 0.0000000
13.2274853 0.8073336 0.0561639 0 0.1571074 0.0000000
13.0368164 0.8603355 -0.0003605 0 0.1535137 0.0000000
13.3937865 0.8680473 0.0817472 0 0.1760857 0.0000000
13.0573149 0.9001618 -0.0417389 0 0.2193096 0.0000000
13.2176572 0.8381173 -0.0588909 0 0.2904963 0.0000000
12.5464907 0.8329745 -0.0276665 11 0.2943087 0.0000000
12.6860421 0.8219800 0.0559287 0 0.4458562 0.0000000
12.8870941 0.8195591 -0.0415993 0 0.2269080 0.0000000
12.3612671 0.8078536 0.0073922 0 0.5653145 0.0000000
12.6387216 0.8324182 0.0518075 0 0.3534132 0.0000000
11.8189459 0.8617564 -0.0325687 0 0.3466537 0.0000000
11.6445939 0.8328991 0.0287422 0 0.6756355 0.0000000
12.0420879 0.8721227 0.0471450 0 0.4185616 0.0000000
11.5575833 0.9328291 -0.0027039 0 0.5733882 0.0000000
11.7987433 0.8733227 -0.0970918 0 0.4521561 0.0000000
11.8959064 0.7652527 -0.0355596 0 0.2504363 0.0000000
12.0735864 0.7930418 0.0980209 0 0.1879798 0.0000000
11.6204965 0.9147745 0.0498560 0 0.3213479 0.0000000
12.1410273 0.8921455 -0.0722507 0 0.1770573 0.0000000
12.2507257 0.8324327 -0.0300975 0 0.1633599 0.0000000
12.2889467 0.8557336 0.0510802 0 0.1495691 0.0000000
12.6254176 0.8022582 -0.0245125 0 0.1299095 0.0000000
12.8413921 0.8676891 0.0067495 0 0.1302481 0.0000000
10.0470250 0.8818118 0.0688828 0 0.5887517 0.0000000
10.6477793 0.8522291 -0.1116209 0 0.0000000 0.8333330
0.0000000 0.8676809 0.0637235 0 0.0000000 1.0000000
0.0000000 0.8695445 -0.0573116 0 0.0000000 0.0000000
0.0000000 0.8254000 0.0434474 3 0.0000000 1.0000000
0.0000000 0.8440327 0.0130637 0 0.0000000 0.0000000
0.0000000 0.8655336 -0.0608633 0 -1.0000000 0.0000000
9.6117305 0.8550136 0.0523173 0 0.1189873 0.0000000
12.9695129 0.8499655 -0.0690873 0 0.1070701 0.0000000
11.6796849 0.7955118 -0.0147695 0 0.1613574 0.0000000
11.8772143 0.7484145 -0.0505498 1 1.2150311 0.0000000
11.9411626 0.7472136 0.0163868 0 0.7174398 0.0000000
11.1650262 0.7606155 0.0628737 1 0.9466873 0.0000000
11.7024130 0.8341464 0.0281075 0 1.1390821 0.0000000
12.0658043 0.8387882 0.0313062 0 0.7837161 0.0000000
12.4660456 0.8501100 -0.0132348 0 0.4551734 0.0000000
11.2913182 0.8598000 0.0203388 0 0.8599178 0.0000000
10.6795272 0.8728109 -0.0124634 0 1.4476964 0.0000000
10.9749855 0.8269427 -0.0869232 0 1.9481586 0.0000000
11.7463757 0.8094373 0.0915373 0 1.0054508 0.0000000
9.0056505 0.8734636 0.0120809 0 1.1624400 0.3921570
7.2145044 0.9067109 0.0464290 1 2.5246400 1.0000000
8.6002467 0.9284700 -0.0806043 3 0.0000000 1.0000000
0.0000000 0.8819318 0.0136449 0 0.0000000 1.0000000
0.0000000 0.8624827 -0.0099200 0 -1.0000000 0.0000000
10.0470250 0.8407173 0.0000303 0 0.1072099 0.0000000
11.6445939 0.8676609 -0.0095882 0 0.1156906 0.0000000
11.5312662 0.7715918 -0.1426573 0 0.1992778 0.0000000
11.6796849 0.7030118 0.0588955 0 0.1406077 0.0000000
10.2095374 0.7718936 -0.0247824 1 0.3661643 0.0000000
10.8513738 0.7003982 -0.0619525 0 1.6279700 0.0000000
11.4034342 0.7193745 0.0609520 0 0.2812118 0.0000000
10.7102982 0.6580945 -0.0995636 0 0.2447448 0.0232558
11.6796849 0.6164518 0.0018515 1 0.4360845 0.0000000
0.0000000 0.7128145 0.1340373 0 -1.0000000 0.0000000
11.0849847 0.7521527 -0.0007283 1 0.8809976 0.0000000
11.4622741 0.7557100 -0.0457961 0 0.2385377 0.0000000
11.9142554 0.7637791 0.1199373 1 0.2369466 0.0000000
11.9142554 0.8424627 -0.0233762 0 0.1783681 0.0000000
12.1116136 0.7557836 0.0072297 0 0.1416456 0.0000000
12.7150295 0.8196264 0.0043850 1 0.1106241 0.0000000
12.8767313 0.7658782 -0.0669387 0 0.1481724 0.0000000
12.2244085 0.7892400 0.0420178 1 0.2318851 0.0000000
12.0579612 0.8263936 0.0303943 0 0.5866296 0.0000000
12.6605089 0.8497991 0.0210296 0 0.2110888 0.0000000
12.8232428 0.8872218 0.0412876 0 0.1221539 0.0000000
12.6818316 0.9195473 0.0748295 0 0.2193232 0.0000000
13.2682094 0.8750927 -0.1178736 0 0.1119973 0.0000000
13.4790709 0.8867873 0.1009236 0 0.1054185 0.0000000
13.5291276 0.9522700 -0.0360508 0 0.1193399 0.0000000
13.5921957 0.8710855 -0.0704286 0 0.1712658 0.0033898
13.4579366 0.8261800 -0.0184990 0 0.1499832 0.0000000
13.1824778 0.8563455 0.0688577 11 0.3083300 0.0000000
12.5120894 0.8716091 -0.0298106 0 0.6918760 0.0000000
13.4809703 0.8616409 -0.0443875 0 0.2017624 0.0000000
12.7312242 0.8892755 0.0971991 0 0.2549618 0.0000000
12.0095649 0.9073955 -0.0276874 0 1.0023347 0.0000000
8.8233535 0.8814800 -0.0170504 1 1.5789100 0.0000000
12.0579612 0.8698991 -0.0157928 0 2.7298308 0.0000000
13.4163053 0.8513555 0.0135330 0 0.1097370 0.0025000
13.7255147 0.8625736 -0.0624460 0 0.1767694 0.0000000
14.2168344 0.8037945 -0.0210209 0 0.1208491 0.0000000
14.3121446 0.7982145 0.0118539 0 0.1268666 0.0000000
13.0745566 0.8488736 0.0482442 0 0.3474339 0.0000000
12.9241978 0.8448418 0.0611754 0 0.5414267 0.0000000
12.9945141 0.8533000 -0.0882521 0 0.5090076 0.0000000
13.0067842 0.8245518 -0.0000432 1 0.8383865 0.0000000
12.0259587 0.8018882 -0.0433641 0 0.4068641 0.0000000
13.5629086 0.8079345 0.0544432 0 0.1806755 0.0000000
13.3296621 0.8607491 0.0321305 0 0.1168400 0.0000000
13.0397706 0.8313391 -0.0592203 0 0.2269496 0.0040984
12.7859251 0.7893273 -0.0279959 0 0.3243976 0.0000000
13.4203457 0.7921645 0.0118216 0 0.4178338 0.0000000
13.5255045 0.8032009 0.0225796 0 0.2220727 0.0000000
13.7519092 0.8062282 -0.0233483 0 0.1377705 0.0000000
13.7519092 0.7869427 -0.0194559 0 0.1190713 0.0025381
13.8204195 0.7716482 0.0401157 0 0.1107273 0.0030488
13.5255045 0.7844645 -0.0524010 1 0.1595513 0.0000000
13.5163886 0.7872145 0.0356736 0 0.2800140 0.0000000
12.8697627 0.8122709 0.0244352 1 0.5947740 0.0000000
13.4481805 0.7716382 -0.0243726 1 0.1862372 0.0000000
12.6431172 0.8536400 0.0304031 0 0.3089446 0.0000000
12.5513099 0.7757300 -0.1099336 1 0.4425742 0.0000000
10.7691374 0.7178445 0.0156498 1 1.1161537 0.0000000
10.4326736 0.7442045 -0.0026909 0 2.4772117 0.0000000
13.0630952 0.7154718 -0.0552860 1 0.8537699 0.0000000
12.8341718 0.7337382 0.1583445 1 0.2563281 0.0000000
9.2933019 0.8274218 -0.1396436 1 0.6986535 0.0000000
11.8677357 0.6935173 0.0233336 0 1.4124250 0.0051546
12.3197182 0.7792564 0.0731588 1 0.2139101 0.0000000
13.3833806 0.7577364 -0.0348387 0 0.2426260 0.0000000
12.6733570 0.7693455 0.0957800 1 0.1215472 0.0000000
12.0500561 0.8226400 -0.0892863 0 1.0549826 0.0000000
13.1670136 0.7310773 -0.0131742 1 0.5151031 0.0000000
12.3785585 0.7737445 0.0007322 1 0.2260160 0.0000000
12.3197182 0.7420855 -0.0006539 0 0.9990861 0.0000000
12.7667307 0.8197818 0.1074473 1 0.3149856 0.0064935
12.9695129 0.7537591 -0.1184000 1 0.6303771 0.0000000
12.9852117 0.8441482 0.0961373 0 0.1431039 0.0000000
12.7897202 0.8068391 0.0258048 11 0.3401706 0.0209790
8.3126260 0.8997927 0.0678328 0 1.2202900 0.0000000
12.9820916 0.8239518 -0.1505618 0 1.4003790 0.0000000
13.9471711 0.8643191 0.1509864 0 0.0836901 0.0022779
14.3342133 0.8814045 -0.0688048 0 0.0925297 0.0000000
14.3374417 0.8193045 -0.0046313 0 0.1111011 0.0015385
14.2040255 0.8499645 0.0123824 0 0.1285710 0.0000000
13.9902761 0.8952573 0.0304945 0 0.2165894 0.0000000
13.9279397 0.8894527 -0.0300200 0 0.3335598 0.0000000
14.1462169 0.8602418 -0.0205742 0 0.1661547 0.0018349
13.9741839 0.8365400 -0.0142876 0 0.1686500 0.0000000
14.1703145 0.8243336 0.0214472 0 0.2160520 0.0000000
13.7957945 0.8538782 0.0129775 1 0.1957294 0.0000000
13.2323633 0.8768209 0.0379130 0 0.3936206 0.0000000
13.5904965 0.9100864 -0.0394275 0 0.3516260 0.0000000
12.4177790 0.8480936 0.0449350 0 0.4285682 0.0000000
13.2587754 0.8962182 -0.1107400 0 0.4098954 0.0000000
13.8122783 0.8125673 0.0361140 0 0.1234174 0.0000000
13.2540248 0.9330382 0.1388909 0 0.1262010 0.0000000
13.8679218 0.8986527 -0.1074973 0 0.2662541 0.0000000
13.6658184 0.8567064 -0.0026124 0 0.1449564 0.0029412
13.6563096 0.9008145 0.0647184 0 0.2320649 0.0000000
12.8121930 0.8556782 -0.1121791 0 0.7154284 0.0064103
13.7475582 0.8899627 0.1153273 0 0.2617719 0.0068966
13.7916307 0.9315255 -0.0452551 0 0.1778249 0.0000000
13.9435933 0.8227218 -0.0685400 0 0.1200200 0.0000000
13.4941655 0.8799055 0.1312855 1 0.2327185 0.0032895
10.9749855 0.9525745 -0.0021300 0 0.5977878 0.0000000
10.9979747 0.7855309 -0.2267973 0 2.0770633 0.0000000
0.0000000 0.8715409 0.2578000 1 -1.0000000 0.0000000
0.0000000 0.9279445 -0.1126927 0 -1.0000000 0.0000000
0.0000000 0.7705700 -0.1369136 0 -1.0000000 0.0000000
12.4395189 0.8295509 0.1787073 0 2.9885825 0.0000000
9.6117305 0.7867382 -0.2334209 0 4.7759543 0.0000000
10.8513738 0.7132682 0.1424936 0 4.7139920 0.0000000
11.4332868 0.8535127 0.0852505 0 4.5528907 0.0000000
0.0000000 0.8644136 -0.0870602 0 -1.0000000 0.0000000
12.3842565 0.8015991 -0.1260064 0 0.1606631 0.0185185
12.7027091 0.6579645 -0.0250777 0 0.1890000 0.0000000
11.5832255 0.6971855 0.0488972 0 0.0000000 0.0000000
0.0000000 0.7835264 0.0638302 0 -1.0000000 0.0000000
11.4622741 0.7657627 -0.0125262 1 5.8869500 0.0000000
7.9072836 0.7648691 0.0018627 0 -1.0000000 0.0000000
7.9072836 0.8002745 0.0718592 1 0.0000000 0.5000000
0.0000000 0.8385500 0.0176405 0 0.0000000 1.0000000
0.0000000 0.8835636 0.0487031 0 -1.0000000 1.0000000
0.0000000 0.8602455 -0.0644500 0 0.0000000 0.0000000
0.0000000 0.8575882 0.0349934 0 0.0000000 0.0000000
0.0000000 0.8731327 -0.0092569 0 0.0000000 0.0000000
0.0000000 0.9000145 0.0688831 0 0.0000000 0.0000000
0.0000000 0.9072373 -0.0873393 1 0.0000000 0.0000000
0.0000000 0.8651873 0.0600140 0 0.0000000 0.0000000
0.0000000 0.9259227 0.0140902 0 0.0000000 0.0000000
0.0000000 0.9011155 -0.0323628 0 0.0000000 1.0000000
0.0000000 0.8696445 -0.0166468 0 0.0000000 0.0000000
0.0000000 0.8723091 0.0279792 0 0.0000000 0.0000000
0.0000000 0.9300100 0.0247919 0 0.0000000 0.0000000
0.0000000 0.9168527 -0.0492706 0 0.0000000 0.0000000
0.0000000 0.8956755 0.0455041 0 0.0000000 0.0000000
0.0000000 0.9011227 -0.0147265 0 0.0000000 0.0000000
0.0000000 0.8647945 -0.0742715 0 0.0000000 0.0000000
0.0000000 0.8337955 0.0013530 0 0.0000000 0.0000000
0.0000000 0.8357182 -0.0467419 0 0.0000000 0.0000000
0.0000000 0.8293245 0.0220706 0 0.0000000 0.0000000
0.0000000 0.8523264 0.0332353 0 0.0000000 0.0000000
0.0000000 0.8153800 -0.0336298 0 0.0000000 0.0000000
0.0000000 0.8389655 0.0808380 0 0.0000000 0.0000000
0.0000000 0.8470109 -0.0650580 3 0.0000000 0.0000000
0.0000000 0.8281773 0.0343466 0 -1.0000000 0.0000000
0.0000000 0.8339600 -0.0380614 0 0.0000000 0.0000000
0.0000000 0.8464582 0.0245149 0 0.0000000 0.0000000
0.0000000 0.8589845 0.0298845 0 0.0000000 0.0000000
0.0000000 0.8637964 -0.0497370 0 -1.0000000 0.0000000
0.0000000 0.8264900 0.0174565 0 -1.0000000 0.0000000
0.0000000 0.8401582 0.0398488 0 0.0000000 0.0000000
0.0000000 0.9217700 0.0731735 0 -1.0000000 0.0000000
0.0000000 0.9259064 -0.0434290 0 0.0000000 0.0000000
0.0000000 0.8780709 -0.0582321 0 -1.0000000 0.0000000
10.9026662 0.8405618 -0.0052615 0 1.2219329 0.0000000
11.5312662 0.8641036 -0.0413315 0 2.9543726 0.0000000
10.2583258 0.8398645 -0.0016358 0 3.2514811 0.0000000
10.1582460 0.8396573 0.0707507 1 3.2045000 0.0000000
10.8773488 0.9245118 0.0834094 0 2.9790209 0.0000000
10.3492945 0.9566509 0.0027922 0 2.3793363 0.0000000
10.6795272 0.9279145 -0.0536155 0 3.2037140 0.0000000
9.7787743 0.8855555 -0.0381369 0 4.5553950 0.0000000
7.9072836 0.8634964 0.0299346 0 5.0304300 0.0000000
9.6987363 0.8982882 0.0145215 0 6.5238325 0.0000000
8.3126260 0.9188327 0.0026282 0 6.5099700 0.0000000
11.6911135 0.9240436 -0.0859915 0 7.3265712 0.0000000
11.8088956 0.8860064 0.0767335 0 8.0922993 0.0000000
12.3436714 0.9077318 0.0186533 0 7.2956108 0.0000000
10.5810895 0.9317109 0.0195139 0 4.4445020 0.0000000
8.6002467 0.9059718 -0.0669745 0 -1.0000000 0.0000000
12.3257605 0.9030636 0.0311374 0 0.2654027 0.0000000
11.9233051 0.8879345 -0.0347661 0 0.4602332 0.0000000
11.7135862 0.8502482 -0.0464679 0 0.5732781 0.0000000
11.8581663 0.8477527 0.0179384 0 0.3273854 0.0000000
11.2913182 0.8556164 0.0332027 1 0.9462634 0.0000000
11.6445939 0.9044936 0.0658764 0 0.5517849 0.0000000
10.6795272 0.9514855 0.0098243 0 1.1934370 0.0000000
10.3492945 0.9414200 -0.0661755 0 2.1155375 0.0000000
10.3918528 0.9063809 0.0342575 0 2.6208375 0.0000000
10.7102982 0.9296027 0.0216917 0 2.8740338 0.0000000
10.4326736 0.9551227 0.0263965 0 3.0805160 0.0000000
0.0000000 0.9224655 -0.0672830 0 -1.0000000 0.0000000
11.4764586 0.8664709 -0.0862102 0 0.2259344 0.0000000
11.8581663 0.8227073 -0.0069555 0 0.2379881 0.0000000
11.4332868 0.8098018 0.0094131 0 0.4334769 0.0000000
11.2742240 0.8203736 0.0022800 0 0.4867194 0.0000000
11.6326178 0.8268027 0.0110602 0 0.4485637 0.0175439
11.3409146 0.8584318 0.0416593 0 0.3076504 0.0303030
12.2042059 0.9222727 0.0383584 0 0.5211312 0.0000000
12.3136392 0.9173282 -0.0131006 0 0.1809794 0.0000000
12.5656299 0.9099555 -0.0070994 0 0.1493867 0.0000000
12.3842565 0.9035045 -0.0030253 0 0.2110823 0.0000000
12.0579612 0.8765345 -0.0034731 0 0.2211849 0.0000000
11.6082266 0.8552218 -0.0453824 1 0.3464764 0.0000000
11.6082266 0.8648927 0.0331892 0 0.6859030 0.0000000
9.2933019 0.8607973 -0.0209055 0 1.1800900 0.0000000
9.8528782 0.8610364 0.0505961 0 2.3551960 0.0000000
10.5096324 0.9150855 0.0734359 0 2.7941882 0.0000000
11.3726629 0.9356364 -0.0453382 0 0.8422254 0.0000000
11.9322738 0.9342891 -0.0158323 0 0.1663712 0.0000000
11.7570709 0.9210236 -0.0147071 0 0.1442263 0.0000000
11.9051229 0.8860227 -0.0411873 0 0.1509396 0.0000000
12.1190485 0.8661564 0.0153133 0 0.1822224 0.0000000
12.3257605 0.8635573 -0.0410162 0 0.1646756 0.0000000
12.2571982 0.8632218 0.0366075 0 0.2338116 0.0000000
12.0340558 0.8834718 0.0143569 0 0.2493341 0.0000000
12.2177196 0.8667791 -0.0018369 0 0.1877838 0.0000000
12.0965758 0.8177618 -0.1145782 0 0.2659770 0.0000000
11.1840741 0.7678873 -0.0280722 0 0.3519570 0.0000000
10.6795272 0.7336036 -0.0098614 0 1.3573867 0.0000000
10.5459991 0.7624173 0.0627449 1 0.0000000 0.0000000
0.0000000 0.8247427 0.0155207 0 -1.0000000 0.0000000
10.6149902 0.8173718 -0.0177883 0 2.7863564 0.0000000
10.9514555 0.7990055 0.0051786 0 1.3666440 0.0000000
10.5096324 0.7867982 0.0049707 0 1.2477580 0.0000000
10.6149902 0.8102718 0.0588328 0 0.0000000 0.0000000
0.0000000 0.8184373 -0.0486636 0 -1.0000000 0.0000000
9.9864031 0.8257618 0.0525848 0 2.4449967 0.0000000
9.9864031 0.8905855 0.0777541 0 2.9855050 0.0000000
9.5164270 0.9274700 -0.0580020 0 3.1188867 0.0000000
11.4904447 0.9067773 -0.0400357 0 0.1725850 0.0000000
11.5042378 0.8817945 0.0590902 0 0.3500293 0.0000000
11.1056036 0.8851800 -0.0338231 0 1.4868314 0.0000000
12.2889467 0.8491700 -0.0488113 0 0.1837278 0.0000000
11.6796849 0.8537927 0.0709753 1 0.1784614 0.0000000
10.1041810 0.8883664 -0.0212745 0 1.1303767 0.0000000
11.0639316 0.8493945 0.0047556 0 1.5959519 0.0000000
11.5575833 0.8499273 -0.0345153 0 0.3362247 0.0000000
10.9273583 0.8749636 -0.0051728 0 1.3310936 0.0000000
11.0849847 0.8851645 0.0713856 0 0.3140496 0.0000000
10.9273583 0.8556655 -0.0599985 0 1.0654211 0.0000000
11.6564282 0.8693582 0.0069975 0 0.6687617 0.0000000
11.4478855 0.8480009 0.0081873 0 0.3336758 0.0000000
10.9514555 0.9037018 0.0246478 0 0.5759868 0.0000000
10.7691374 0.9216973 -0.0406285 0 0.3790482 0.0000000
11.7884869 0.9110036 0.1084800 0 0.5294642 0.0000000
11.9499732 0.9162827 -0.0604717 0 0.3460692 0.0000000
11.9587068 0.8514800 -0.0820988 0 0.5219954 0.0000000
11.8772143 0.7809427 -0.0541022 0 0.3474806 0.0000000
11.7135862 0.8016518 0.0299023 0 0.4966975 0.0000000
11.5704866 0.7997364 0.0002614 0 0.6169972 0.0000000
11.8288961 0.7876327 0.0080396 1 0.4885869 0.0000000
10.5810895 0.7941827 -0.0039926 0 0.6660887 0.0000000
11.9673648 0.7912518 0.0178461 1 0.6796803 0.0000000
9.0056505 0.8484618 0.0242281 0 1.3034550 0.0000000
11.6204965 0.7807018 -0.0584808 0 0.7717160 0.0000000
12.0340558 0.7934127 0.0870605 0 0.1228125 0.0000000
11.6796849 0.8485764 -0.0144049 0 0.2543457 0.0000000
11.5575833 0.8125309 -0.0949773 0 0.2538251 0.0000000
11.7355649 0.7653591 -0.0196254 0 0.2745505 0.0000000
10.2583258 0.6981436 -0.0633231 0 0.5958480 0.0000000
11.4332868 0.7898927 0.1905536 1 0.1328635 0.0000000
11.0639316 0.8596518 0.0315797 0 0.3730090 0.0357143
11.7884869 0.8833345 -0.0031873 0 0.2348044 0.0000000
10.9979747 0.9256282 0.0241685 0 0.6709500 0.0000000
11.6204965 0.8733445 -0.0880210 0 0.2446188 0.0000000
11.4764586 0.9036945 0.0858406 0 0.2471519 0.0000000
11.7355649 0.8781118 -0.0511782 0 0.1471915 0.0000000
11.7355649 0.8326336 -0.0494258 0 0.5299397 0.0000000
11.6445939 0.8023236 -0.0293485 1 0.1880308 0.0000000
10.8247061 0.8334691 0.0633451 0 0.4595079 0.0000000
11.2391331 0.8269373 -0.0183613 0 1.2832445 0.0000000
10.8513738 0.8050918 -0.0429934 0 0.8583713 0.0000000
10.9514555 0.8577018 0.1110618 0 0.7292300 0.0000000
11.1456084 0.9134200 0.0455681 0 0.5771077 0.0000000
11.9233051 0.9369709 -0.0680701 0 0.1792227 0.0000000
12.1190485 0.8646518 0.0116865 0 0.2058707 0.0000000
11.4332868 0.8735564 -0.0205717 0 0.1783808 0.0138889
11.0849847 0.8417264 -0.0349197 0 0.6559068 0.0000000
12.0012662 0.8128355 -0.0021552 0 0.1817161 0.0000000
11.1840741 0.8315445 -0.0201027 0 0.5015922 0.0000000
11.7463757 0.7842664 -0.0264045 0 0.5528252 0.0000000
11.5042378 0.8024782 0.0301506 0 0.4792020 0.0000000
11.2027660 0.7745100 -0.0566114 0 0.6097219 0.0000000
10.1582460 0.7761864 0.0239087 1 0.6899932 0.0000000
0.0000000 0.8167991 0.0835337 0 -1.0000000 0.0000000
0.0000000 0.7796382 -0.0844414 1 -1.0000000 0.6315790
11.4622741 0.7672409 -0.0450278 3 0.9833402 0.0000000
0.0000000 0.7404682 0.0204790 1 0.0000000 0.0000000
0.0000000 0.7320282 -0.0142931 0 0.0000000 0.0000000
0.0000000 0.7169036 -0.0147018 0 0.0000000 0.0000000
0.0000000 0.7571073 0.0756303 0 0.0000000 0.0000000
0.0000000 0.8416927 0.0197565 0 -1.0000000 0.0000000
9.6987363 0.8323473 0.0437929 0 0.2278680 0.0000000
11.1650262 0.8601118 -0.0013577 0 0.0000000 0.0000000
0.0000000 0.8827218 0.0444817 0 -1.0000000 0.0000000
11.4184719 0.8152700 -0.1457273 0 1.7456562 0.0000000
10.1582460 0.7355891 0.0078409 0 0.0000000 0.0000000
0.0000000 0.7555245 -0.0312892 0 -1.0000000 0.0000000
9.0056505 0.7789073 0.0690307 0 1.7176900 0.0000000
10.2583258 0.8038591 -0.0549031 1 1.2299400 0.0000000
9.4110747 0.7174236 -0.0297569 0 0.7612870 0.0000000
9.8528782 0.7739455 0.1224591 1 1.5947050 0.0000000
10.5096324 0.8370636 -0.0150624 0 2.0153000 0.0000000
10.8513738 0.9061691 0.1234091 1 0.0000000 0.0000000
0.0000000 0.9427027 0.0045728 0 -1.0000000 0.0000000
7.9072836 0.8948545 -0.1163936 0 -1.0000000 0.0000000
9.9218676 0.8379427 0.0072738 0 2.8294167 0.0000000
10.3048442 0.8357518 -0.0336253 0 0.2436415 0.0000000
10.7691374 0.8562491 0.0364774 0 0.6837772 0.0000000
9.4110747 0.8524682 0.0270681 0 0.6537313 0.0000000
11.3569147 0.8642427 0.0056437 0 0.5610437 0.0000000
11.1650262 0.9121282 0.0460111 0 0.2004717 0.0000000
11.4478855 0.8851509 -0.1003673 0 -1.0000000 0.0000000
11.5445113 0.7891209 -0.0363975 0 -1.0000000 0.0000000
7.2145044 0.8504973 0.1312664 0 -1.0000000 0.0000000
11.2211149 0.8964118 -0.0746255 0 0.2248421 0.0000000
10.8773488 0.8281509 -0.0453223 0 0.4657710 0.0000000
9.9864031 0.7789600 -0.0219485 1 1.3901350 0.0000000
10.7102982 0.8014000 0.0499527 0 0.2575536 0.0000000
10.9749855 0.8787609 0.0677976 0 0.3126799 0.0000000
11.5704866 0.8548418 -0.0518479 0 0.1639170 0.0000000
11.5704866 0.8224836 -0.0513337 0 0.1750575 0.0000000
11.3569147 0.7986773 0.0002848 0 0.2512367 0.0000000
11.6564282 0.8090791 0.0487693 0 0.1420182 0.0126582
11.5832255 0.7870418 -0.0507212 0 0.1538300 0.0000000
11.6911135 0.8296818 0.0702842 0 0.1591981 0.0000000
10.9514555 0.8653927 -0.0022451 0 0.4132910 0.0000000
11.1258060 0.8950327 0.0677162 0 0.3153727 0.0000000
11.5575833 0.9084018 -0.0339864 0 0.3377704 0.0000000
11.6326178 0.9380609 0.0244269 0 0.1477172 0.0000000
11.5445113 0.9247118 -0.0159385 0 0.1575005 0.0000000
11.7246359 0.8741791 -0.0724319 0 0.2486331 0.0000000
11.1650262 0.8109200 -0.0172048 0 -1.0000000 0.0000000
10.9026662 0.8134809 0.0292032 1 0.3843291 0.0000000
9.1597836 0.8341291 -0.0074791 0 -1.0000000 0.0000000
10.2583258 0.7805782 -0.0638398 0 1.7255050 0.0000000
7.2145044 0.7755227 -0.0086969 0 0.9383920 0.0000000
10.3492945 0.7900673 -0.0228385 0 1.6007500 0.0000000
10.1041810 0.7152827 -0.0105345 1 1.1580680 0.0000000
10.4326736 0.8085245 0.1303109 1 1.0357900 0.0000000
11.2568325 0.8735873 0.0298526 0 0.1484050 0.0000000
11.5445113 0.9220800 0.0576250 0 0.2693568 0.0000000
11.6796849 0.9072227 -0.0666534 0 0.2925315 0.0000000
11.7246359 0.8758236 -0.0467338 0 0.1839359 0.0000000
11.9411626 0.8453782 0.0229514 0 0.2652325 0.0000000
10.6795272 0.8675691 0.0119173 1 0.3809850 0.0000000
10.6149902 0.8785782 0.0406835 0 0.9466780 0.0000000
9.1597836 0.9104645 -0.0411773 0 1.4863967 0.0000000
10.7401505 0.8153991 -0.0626982 0 1.4193510 0.0000000
10.5810895 0.8499936 0.0573908 0 0.9363646 0.0000000
9.9864031 0.8585082 -0.0134745 0 1.0923275 0.0000000
10.2583258 0.8413582 -0.0092342 0 1.3521620 0.0000000
11.1056036 0.8521718 -0.0137801 0 0.2917090 0.0000000
11.7355649 0.8032909 -0.0377118 0 0.2390911 0.0000000
11.9233051 0.7554818 -0.0396469 0 0.2026231 0.0163934
10.1582460 0.7593164 0.0297617 0 0.2920084 0.0000000
11.4184719 0.8318500 0.0823232 0 0.4960981 0.0000000
10.7102982 0.8547682 -0.0198377 0 0.5820254 0.0000000
11.7987433 0.8211255 0.0095033 0 0.2719948 0.0000000
11.5445113 0.8738155 0.0157056 0 0.1881763 0.0000000
11.6326178 0.9238173 0.0368262 0 0.4716582 0.0000000
11.4034342 0.8484827 -0.0720175 0 0.5297371 0.0000000
11.3881669 0.9196673 0.1206109 0 0.3347963 0.0000000
10.1041810 0.8945045 -0.0554462 0 1.4945200 0.0000000
9.9218676 0.9024745 0.0407105 1 1.6873483 0.0000000
10.2095374 0.9377400 -0.0168580 0 2.0268886 0.0000000
11.0424257 0.9060518 -0.0201835 0 1.0747304 0.0000000
10.3048442 0.9029818 0.0107902 0 1.6225175 0.0000000
10.4718932 0.8953818 -0.0410005 0 0.7961523 0.0000000
10.9026662 0.8626755 0.0149887 0 0.5604883 0.0000000
12.2442110 0.8654191 -0.0130900 0 0.1876834 0.0000000
12.0012662 0.8662909 -0.0183679 0 0.1655092 0.0000000
12.2507257 0.8823627 0.0207512 0 0.1483025 0.0000000
12.0340558 0.8643282 0.0080207 0 0.2219607 0.0000000
12.4607963 0.8753282 0.0046719 0 0.1400264 0.0000000
11.8959064 0.8913455 0.0168563 0 0.1513972 0.1358020
10.3048442 0.8961291 -0.0296552 0 -1.0000000 0.0000000
11.6911135 0.8367300 -0.0518724 0 0.5566623 0.0000000
12.2700188 0.8137700 -0.0443538 0 0.1453119 0.0000000
11.9322738 0.7969091 0.0530718 1 0.1871208 0.0000000
11.1056036 0.8275255 0.0040354 111 0.3404212 0.0000000
11.0424257 0.8212882 -0.0252494 1 0.9293532 0.0000000
11.8581663 0.8301464 0.0213552 0 0.3559189 0.0000000
9.1597836 0.8520455 0.0544287 0 0.7859580 0.0000000
9.1597836 0.9109645 0.0690054 0 1.7069600 0.0000000
11.5312662 0.9259818 -0.1025964 0 1.1593845 0.0000000
12.2310530 0.8831700 0.0702375 0 0.1622104 0.0108696
12.3136392 0.9041345 -0.0321165 0 0.1446785 0.0217391
11.5178434 0.8789645 -0.0347120 0 0.3910141 0.0344828
11.7884869 0.8617618 -0.0190755 0 0.1794217 0.0144928
12.0420879 0.8332445 -0.0143523 0 0.2332765 0.0363636
12.1905071 0.8821245 0.1088373 0 0.2653821 0.0519481
11.8772143 0.9048436 -0.0228520 0 0.1971543 0.0000000
11.9759485 0.8788782 -0.0914418 0 0.1170898 0.0126582
12.3955560 0.8808255 0.0132325 0 0.1313336 0.0185185
12.6343066 0.8587364 0.0262108 0 0.1897953 0.0101010
12.3075230 0.8773482 0.0334491 0 0.2096304 0.0000000
11.8485044 0.9026227 0.0318005 0 0.4405082 0.0000000
11.5704866 0.9252273 0.0103822 0 0.4767568 0.0227273
11.6326178 0.9267364 0.0056817 0 0.0000000 0.0000000
0.0000000 0.9041982 -0.0676004 0 0.0000000 0.0000000
0.0000000 0.8497036 -0.0347734 0 0.0000000 0.0000000
0.0000000 0.8211373 -0.0475574 0 -1.0000000 0.0000000
0.0000000 0.8092945 0.0439580 0 0.0000000 0.0000000
0.0000000 0.8429273 0.0308895 1 0.0000000 0.0000000
0.0000000 0.8692218 0.0083876 0 0.0000000 0.0000000
0.0000000 0.8812100 0.0687295 0 0.0000000 0.0000000
0.0000000 0.9235645 -0.0092295 0 0.0000000 0.0000000
0.0000000 0.9072191 -0.0281204 0 0.0000000 0.0000000
0.0000000 0.9175673 0.0214340 3 0.0000000 0.0000000
0.0000000 0.8785045 -0.0884200 0 -1.0000000 0.0000000
0.0000000 0.8369255 -0.0199151 0 0.0000000 0.0000000
0.0000000 0.7961255 -0.0267470 0 0.0000000 0.0000000
0.0000000 0.8092673 0.0380872 0 0.0000000 0.0000000
0.0000000 0.8658045 0.0713080 0 0.0000000 0.0000000
0.0000000 0.9309664 0.0831518 0 0.0000000 0.0000000
0.0000000 0.9664945 -0.0159673 0 0.0000000 0.0000000
0.0000000 0.9411191 -0.0723447 3 0.0000000 0.0000000
0.0000000 0.8967891 -0.0241661 0 0.0000000 0.0000000
0.0000000 0.9023091 0.0773175 1 0.0000000 0.0000000
0.0000000 0.9355118 -0.0336312 0 0.0000000 0.0000000
0.0000000 0.9214482 -0.0193416 0 0.0000000 0.0000000
0.0000000 0.9127109 0.0220952 0 -1.0000000 0.0000000
9.2933019 0.8903473 -0.0545788 0 0.1306764 0.0000000
11.8387483 0.8769118 0.0104565 0 0.2514103 0.0107527
12.4011582 0.8767964 0.0256673 0 0.3682837 0.0520833
12.3955560 0.8741009 -0.0315555 0 0.2424275 0.0158730
12.6944103 0.8845582 0.0599029 0 0.1773923 0.0000000
12.4011582 0.9245836 -0.0493661 0 0.2713210 0.0296296
12.8905246 0.8523500 -0.0677166 0 0.2013487 0.0180723
12.6902349 0.9106518 0.1145545 0 0.1742449 0.0000000
11.3726629 0.9059200 -0.0342017 0 0.8068950 0.0098039
12.2951772 0.8544718 -0.0455058 0 0.4422431 0.0416667
9.8528782 0.8813073 0.0447653 1 0.4404327 0.0833333
0.0000000 0.8918191 0.0156266 0 -1.0000000 0.0000000
10.9273583 0.8930318 0.0281117 0 -1.0000000 0.0000000
0.0000000 0.9100409 -0.0308089 0 -1.0000000 0.0000000
10.3918528 0.9129982 0.0399820 0 -1.0000000 0.0000000
7.2145044 0.8811200 -0.0950236 0 -1.0000000 0.0769231
10.9273583 0.8407564 0.0178269 0 -1.0000000 0.0000000
0.0000000 0.8318318 -0.0642854 0 -1.0000000 0.0000000
10.6795272 0.8079827 0.0144701 0 -1.0000000 0.0000000
11.5832255 0.7793645 -0.0365328 0 -1.0000000 0.0000000
10.1041810 0.7714136 0.0021038 0 1.0565178 0.1956520
11.5178434 0.7742036 -0.0161077 0 1.2751100 0.0000000
10.4326736 0.7747182 0.0140093 0 1.9530900 0.1333330
8.6002467 0.7503900 -0.0247184 0 2.0784400 0.1111110
10.9026662 0.8056591 0.0833159 0 -1.0000000 0.0000000
0.0000000 0.8431618 -0.0434000 0 -1.0000000 0.1290320
10.4718932 0.8512327 0.0913573 0 -1.0000000 0.2187500
11.0639316 0.8743345 -0.0277916 0 -1.0000000 0.1333330
0.0000000 0.8381436 -0.0082776 0 -1.0000000 0.0000000
10.6477793 0.8163991 -0.0925909 0 -1.0000000 0.0000000
10.3048442 0.7881645 0.1029418 0 -1.0000000 0.0000000
0.0000000 0.8313909 -0.0413404 0 -1.0000000 0.0000000
7.9072836 0.8066191 -0.0036141 1 1.1574513 0.0800000
10.6795272 0.8159573 -0.0117455 0 0.4272518 0.0000000
10.7691374 0.8113182 0.0156765 0 1.1725200 0.1282050
10.7691374 0.7858900 -0.0351984 0 0.4197800 0.5000000
0.0000000 0.7698745 -0.0049518 0 -1.0000000 0.1111110
10.0470250 0.8104727 0.0579660 0 0.0000000 0.0000000
0.0000000 0.8216482 -0.0703130 0 0.0000000 0.0000000
0.0000000 0.7816991 0.0788994 0 -1.0000000 0.0000000
0.0000000 0.8366473 -0.0250467 0 -1.0000000 0.2000000
9.9218676 0.8031591 -0.0334103 0 -1.0000000 0.2307690
9.9218676 0.8024627 -0.0149298 0 0.2888207 0.1794870
10.5810895 0.8650018 0.1070091 0 0.3073817 0.0714286
10.5096324 0.8433355 -0.0086838 0 0.1757920 0.1428570
10.4326736 0.8349709 -0.0588034 0 0.3787750 0.1111110
8.6002467 0.8149427 -0.0301675 0 -1.0000000 0.1111110
9.0056505 0.8030000 0.0245885 0 0.2756705 0.0000000
9.4110747 0.8263727 0.0365833 1 0.0000000 0.0000000
0.0000000 0.7942973 -0.1031036 0 -1.0000000 0.0000000
0.0000000 0.7448118 0.0290854 0 0.0000000 0.0000000
0.0000000 0.7629427 -0.0123980 0 0.0000000 0.0000000
0.0000000 0.7814964 0.0169812 0 0.0000000 0.0000000
0.0000000 0.7780336 0.0455598 0 -1.0000000 0.0000000
0.0000000 0.8138927 -0.0396276 0 0.0000000 0.0000000
0.0000000 0.8043318 0.0101555 0 0.0000000 0.0000000
0.0000000 0.8162245 0.0062555 0 0.0000000 0.0000000
0.0000000 0.8103464 0.0318107 0 0.0000000 0.0000000
0.0000000 0.8235173 0.0007812 0 0.0000000 0.0000000
0.0000000 0.8318209 -0.0360189 0 0.0000000 0.0000000
0.0000000 0.7969682 -0.0147717 0 0.0000000 0.0000000
0.0000000 0.7835200 0.0305260 0 0.0000000 0.0000000
0.0000000 0.7616364 -0.0920145 1 -1.0000000 0.1200000
9.7787743 0.7035082 0.0113201 0 0.3292027 0.5000000
0.0000000 0.8490900 0.1649545 1 -1.0000000 0.0909091
9.6987363 0.8717909 -0.0302095 0 0.3005370 0.1250000
10.2095374 0.8473609 -0.0052095 1 0.2107550 0.0000000
0.0000000 0.8710227 0.0138282 0 -1.0000000 0.2352940
10.1041810 0.8736209 -0.0605847 0 0.2117955 0.0869565
10.3048442 0.8452236 0.0515273 0 -1.0000000 0.1250000
9.2933019 0.8529109 0.0349842 0 0.6446385 0.0833333
9.2933019 0.8775655 -0.0150475 0 0.2196360 0.0833333
10.5459991 0.8554436 -0.0401443 0 0.2825735 0.1111110
10.2095374 0.8483327 -0.0293624 0 0.2210430 0.0740741
10.5096324 0.7978336 -0.0045265 0 0.2582540 0.0909091
9.9218676 0.7780464 -0.0375041 0 -1.0000000 0.1200000
10.4718932 0.7463082 -0.0240375 0 0.1727470 0.2500000
0.0000000 0.7592355 0.0638493 0 -1.0000000 0.0000000
8.3126260 0.7614755 -0.0664798 1 -1.0000000 0.0000000
9.2933019 0.7158164 -0.0478791 0 0.2235510 0.0571429
10.6795272 0.7451364 0.2045318 1 0.2516760 0.1600000
9.7787743 0.8270573 -0.1371900 0 0.3300990 0.0625000
10.6795272 0.7612309 -0.0209424 0 0.3710000 0.0526316
10.1582460 0.7508309 0.0595089 0 0.3736670 0.0000000
9.0056505 0.8112773 0.0230468 0 3.5632300 0.0000000
7.2145044 0.8071800 -0.0532811 0 3.4178400 0.0000000
9.2933019 0.7929255 0.0609984 0 3.5177213 0.1250000
7.2145044 0.8116400 -0.0362234 0 0.9670090 0.0000000
7.9072836 0.8009482 0.0389382 0 1.3673500 0.2000000
0.0000000 0.8358945 0.0127226 1 -1.0000000 0.0000000
0.0000000 0.8369800 0.0112373 0 -1.0000000 0.1666670
10.5810895 0.8681664 0.0327963 0 1.4964100 0.0000000
0.0000000 0.9072245 0.0421833 0 -1.0000000 0.0909091
10.1582460 0.8871864 -0.0808400 0 0.1572805 0.1739130
9.9864031 0.8538491 0.0724165 0 0.1935100 0.1250000
10.3492945 0.8826164 -0.0609174 0 0.1599450 0.1071430
10.1582460 0.8281473 -0.0659130 0 0.1856870 0.0937500
10.7401505 0.7773818 -0.0295428 0 0.1551915 0.2222220
9.7787743 0.7583000 -0.0020869 0 -1.0000000 0.0384615
10.3492945 0.7946518 0.0687259 0 0.1725310 0.1666670
10.1582460 0.8232645 -0.0053211 0 0.3733280 0.0625000
10.8247061 0.8759873 0.0413236 0 0.2612968 0.2000000
10.4718932 0.8938700 -0.0167961 0 0.1201400 0.0975610
10.8513738 0.7854091 -0.1349064 0 -1.0000000 0.1333330
10.3918528 0.8001364 0.1239573 0 0.1890005 0.0000000
0.0000000 0.7649418 -0.1423864 1 -1.0000000 0.0000000
0.0000000 0.7197082 0.0274545 0 -1.0000000 0.0000000
10.4326736 0.7460600 0.0336224 1 0.1678178 0.0487805
10.7401505 0.7594600 0.0197445 0 0.3591298 0.4285710
9.0056505 0.7699391 -0.0328498 0 0.4685215 0.1142860
10.4326736 0.7457518 -0.0140045 0 0.1770740 0.0833333
10.9273583 0.7304273 0.0149495 0 0.1881517 0.0588235
11.0639316 0.7098964 -0.0421717 0 -1.0000000 0.0217391
10.7102982 0.7722127 0.1142773 1 0.1820250 0.1142860
10.9514555 0.8141327 -0.0441218 0 0.5028612 0.0606061
10.5459991 0.7773127 -0.0263173 0 0.2398603 0.1555560
10.7691374 0.7720236 0.0482365 0 0.1760240 0.0169492
11.2913182 0.8110691 0.0281232 0 0.1831342 0.0566038
10.7401505 0.8118755 -0.0097948 0 0.2502327 0.0476190
11.5042378 0.8486164 0.0564463 0 -1.0000000 0.0470588
11.4034342 0.8626091 -0.0479362 0 -1.0000000 0.0930233
10.6795272 0.8189945 -0.0320769 0 0.2515130 0.1250000
9.7787743 0.8250391 0.0182070 1 0.4330203 0.0000000
10.6149902 0.8341109 0.0239007 0 -1.0000000 0.0000000
0.0000000 0.8101564 -0.0891076 0 -1.0000000 0.0000000
10.3048442 0.8031491 0.1015636 0 0.0000000 0.0000000
0.0000000 0.8303855 -0.0282379 0 -1.0000000 0.0000000
0.0000000 0.8625418 0.0334762 0 -1.0000000 0.0000000
0.0000000 0.8218009 -0.0523745 0 -1.0000000 0.0000000
8.8233535 0.7696345 -0.0418075 0 2.5631683 0.5000000
9.1597836 0.7633127 -0.0324797 0 3.5973320 0.0000000
0.0000000 0.7356045 0.0194425 1 0.0000000 0.4000000
0.0000000 0.7544491 0.0054041 111 0.0000000 0.0000000
0.0000000 0.7745345 0.0290777 11 0.0000000 0.0000000
0.0000000 0.7778464 -0.0179500 11 0.0000000 0.0000000
0.0000000 0.7831836 0.0355998 0 0.0000000 0.0000000
0.0000000 0.8189973 0.0684055 1 0.0000000 0.0000000
0.0000000 0.8622118 -0.0036250 0 0.0000000 0.0000000
0.0000000 0.8788500 0.0051859 0 -1.0000000 0.0000000
7.2145044 0.8657573 0.0109426 0 1.6473600 0.0000000
7.2145044 0.8241809 -0.0595554 0 0.7400570 0.0000000
10.6149902 0.8225664 -0.0014231 0 1.0515000 0.0000000
10.5459991 0.8079836 -0.0057515 0 0.4439600 0.0740741
10.7102982 0.8265436 0.0033338 0 0.2442370 0.1176470
10.9273583 0.8202918 0.0358146 0 -1.0000000 0.1333330
10.9273583 0.8717609 0.0326564 0 0.3518490 0.0980392
11.4478855 0.8670873 0.0015148 0 0.2118520 0.0851064
11.0424257 0.8838482 -0.0216078 0 0.2149300 0.0322581
11.4904447 0.8125418 -0.0526501 0 0.3108460 0.0677966
7.9072836 0.8248773 0.0145988 0 -1.0000000 0.0845070
7.2145044 0.8024482 -0.0542309 0 1.3493900 0.0000000
11.3081251 0.7941336 -0.0096931 0 0.9792370 0.2352940
11.4622741 0.7510655 -0.0161495 0 0.1595446 0.0588235
11.1456084 0.7588345 0.0143507 0 0.1480962 0.0000000
10.3918528 0.7713264 0.0238675 0 0.2324920 0.0500000
11.3246542 0.7940264 0.0431295 0 0.4015146 0.1621620
10.8773488 0.8302200 -0.0249717 0 0.5250660 0.0208333
10.4718932 0.8011373 -0.0057463 1 0.7186187 0.0512821
10.7691374 0.8125445 0.0290432 0 0.2503853 0.2000000
10.4326736 0.8327627 -0.0011434 0 0.5303470 0.0277778
10.5459991 0.8256218 0.0444175 0 0.2333900 0.2500000
10.8513738 0.8761409 0.0252802 0 -1.0000000 0.1428570
10.3048442 0.9016791 0.0211391 0 0.3845070 0.0238095
10.7401505 0.9438982 0.0113585 0 0.1608090 0.1739130
10.7401505 0.8971973 -0.0467237 0 0.3311430 0.0500000
10.8247061 0.8518627 -0.0692251 0 0.1466105 0.0303030
10.9979747 0.8420282 0.0449272 0 0.2177860 0.2045450
10.3918528 0.8283300 -0.0410047 0 0.2959195 0.0701754
11.4034342 0.8492845 0.0763099 0 0.1429830 0.1428570
10.7973077 0.9126836 -0.0003694 0 0.1386710 0.0344828
10.1041810 0.9111955 0.0078261 0 0.3363697 0.2045450
10.4326736 0.8441945 -0.1134855 0 0.5190662 0.0400000
10.5096324 0.8097018 0.0923491 1 0.1258800 0.0769231
9.1597836 0.8820982 0.0038293 1 -1.0000000 0.2045450
10.2583258 0.9001736 0.0427273 1 0.0000000 0.2352940
0.0000000 0.9149455 -0.0537945 1 -1.0000000 0.6521740
0.0000000 0.8590773 0.0181208 2 0.0000000 0.0000000
0.0000000 0.8947764 0.0119548 0 0.0000000 1.0000000
0.0000000 0.9037191 0.0306478 0 0.0000000 0.0000000
0.0000000 0.8963245 -0.0276124 0 -1.0000000 0.0000000
7.2145044 0.9067118 -0.0359887 0 0.1044390 0.0000000
10.5810895 0.8628327 -0.0521816 0 0.3644856 0.0000000
8.8233535 0.8410400 0.0136572 0 -1.0000000 0.1081080
8.8233535 0.8324455 0.0208495 0 0.0000000 0.3000000
0.0000000 0.8080418 -0.0768372 0 0.0000000 0.7857140
0.0000000 0.7587255 0.0053066 0 0.0000000 0.0000000
0.0000000 0.7913645 0.0126600 0 0.0000000 0.0000000
0.0000000 0.7869527 0.0088745 0 0.0000000 1.0000000
0.0000000 0.8049273 0.0521346 0 0.0000000 0.0000000
0.0000000 0.8578464 0.0455894 0 0.0000000 0.0000000
0.0000000 0.8554773 -0.0832298 0 0.0000000 0.0000000
0.0000000 0.8438845 0.0246846 0 0.0000000 0.0000000
0.0000000 0.8415545 0.0181365 0 -1.0000000 0.2272730
10.3048442 0.8744345 0.0504542 0 0.1771230 0.1794870
10.5810895 0.9268391 0.0231615 0 0.1606460 1.0000000
8.8233535 0.8900918 -0.0951382 0 0.0000000 0.0000000
0.0000000 0.8490991 0.0655104 0 0.0000000 0.0000000
0.0000000 0.8923491 -0.0095239 0 0.0000000 0.0000000
0.0000000 0.8849182 -0.0311567 0 0.0000000 0.0000000
0.0000000 0.8806136 0.0143846 0 0.0000000 0.0000000
0.0000000 0.8554918 -0.0415512 0 0.0000000 0.0000000
0.0000000 0.8293109 -0.0001945 3 0.0000000 0.0000000
0.0000000 0.8430009 0.0189755 1 -1.0000000 0.3333330
0.0000000 0.8629764 0.0152423 0 -1.0000000 0.2000000
9.6987363 0.8544409 -0.0719474 0 0.2322660 0.3181820
9.8528782 0.8085009 0.0550807 0 0.1809403 0.2272730
9.9218676 0.8256545 -0.0790094 0 0.2731710 0.2592590
9.6987363 0.8211445 0.0742107 0 0.1139100 0.0666667
10.1582460 0.8421609 -0.0157359 0 0.1700870 0.2857140
9.9864031 0.8184409 -0.0415781 0 0.5844535 0.2272730
9.8528782 0.7915727 -0.0065133 0 0.4553800 0.3333330
0.0000000 0.8141927 0.0414002 0 -1.0000000 0.0000000
7.9072836 0.8400073 0.0488804 0 -1.0000000 0.2142860
9.9864031 0.8832364 0.0229739 0 0.3156260 0.4285710
8.6002467 0.9114127 0.0213843 0 0.0000000 0.0000000
0.0000000 0.8312173 -0.0595794 0 -1.0000000 0.0000000
9.2933019 0.7977773 -0.0219602 0 0.1857030 0.0000000
9.7787743 0.8512491 0.0281224 0 -1.0000000 0.1000000
9.6987363 0.8506345 -0.0127949 0 0.2608730 0.0666667
9.7787743 0.8533427 -0.0155227 0 0.3801720 0.2142860
9.6987363 0.8425209 0.0359739 1 0.3338230 0.0769231
9.6987363 0.8561864 -0.0156320 11 0.3111475 0.0714286
9.7787743 0.8796082 0.0382122 111 0.2777305 0.0833333
9.2933019 0.9357509 0.0492315 0 0.6320865 0.3750000
9.0056505 0.9523309 0.0330034 0 0.0000000 0.0000000
0.0000000 0.9302809 -0.0877255 0 0.0000000 1.0000000
0.0000000 0.8697682 -0.0378398 0 0.0000000 0.0000000
0.0000000 0.8269509 -0.0363817 0 0.0000000 0.0000000
0.0000000 0.7880855 -0.0429414 0 0.0000000 1.0000000
0.0000000 0.7789273 0.0242454 0 0.0000000 0.0000000
0.0000000 0.8006355 0.0003934 0 0.0000000 0.0000000
0.0000000 0.8026318 0.0264709 0 0.0000000 0.0000000
0.0000000 0.8362082 0.0094291 0 0.0000000 0.0000000
0.0000000 0.8852509 0.0825715 0 0.0000000 0.0000000
0.0000000 0.9131573 -0.0049896 0 0.0000000 1.0000000
0.0000000 0.8832382 -0.0489655 0 0.0000000 0.0000000
0.0000000 0.8552445 -0.0002676 0 0.0000000 0.0000000
0.0000000 0.8602382 0.0004568 0 0.0000000 0.0000000
0.0000000 0.8614391 -0.0064395 0 0.0000000 0.0000000
0.0000000 0.8357745 -0.0217541 0 0.0000000 0.0000000
0.0000000 0.8061527 -0.0246328 0 0.0000000 0.0000000
0.0000000 0.8258564 0.0183765 0 0.0000000 0.0000000
0.0000000 0.8042255 -0.0058949 0 0.0000000 0.0000000
0.0000000 0.8419264 0.0264648 0 0.0000000 0.0000000
0.0000000 0.8455682 0.0178102 0 0.0000000 0.0000000
0.0000000 0.8701636 0.0099975 0 0.0000000 0.0000000
0.0000000 0.8826236 -0.0032675 0 0.0000000 0.0000000
0.0000000 0.8821282 0.0386615 31 0.0000000 0.0000000
0.0000000 0.8775945 -0.0812086 0 -1.0000000 0.0000000
0.0000000 0.8254409 -0.0172537 0 0.0000000 0.0000000
0.0000000 0.8125445 0.0403812 0 0.0000000 0.0000000
0.0000000 0.8900000 0.0473877 0 0.0000000 0.0000000
0.0000000 0.9142909 0.0369427 0 0.0000000 0.0000000
0.0000000 0.9203555 -0.0337817 0 0.0000000 0.0000000
0.0000000 0.8722382 -0.0493830 0 0.0000000 0.0000000
0.0000000 0.8660218 0.0434866 0 0.0000000 0.0000000
0.0000000 0.8816373 -0.0032983 0 0.0000000 0.0000000
0.0000000 0.9021082 -0.0179768 0 0.0000000 0.0000000
0.0000000 0.8909491 0.0299370 0 0.0000000 0.0000000
0.0000000 0.9174700 0.0222121 0 0.0000000 0.0000000
0.0000000 0.9157727 -0.0140830 0 0.0000000 0.0000000
0.0000000 0.9325755 0.0364315 0 0.0000000 0.0000000
0.0000000 0.9264555 -0.0655073 0 0.0000000 0.0000000
0.0000000 0.8900645 0.0230806 0 0.0000000 0.0000000
0.0000000 0.9087855 -0.0088851 0 0.0000000 0.0000000
0.0000000 0.8940255 -0.0025953 0 0.0000000 0.0000000
0.0000000 0.8952173 -0.0038012 0 0.0000000 0.0000000
0.0000000 0.8878591 -0.0127511 0 0.0000000 0.0000000
0.0000000 0.8414827 -0.0616489 0 0.0000000 0.0000000
0.0000000 0.8611436 0.0651539 0 0.0000000 0.0000000
0.0000000 0.8983964 0.0200605 0 0.0000000 0.0000000
0.0000000 0.8795209 -0.0439802 0 0.0000000 0.0000000
0.0000000 0.8407891 -0.0167232 0 0.0000000 0.0000000
0.0000000 0.8500918 0.0044623 0 0.0000000 0.0000000
0.0000000 0.8610555 0.0300485 0 0.0000000 0.0000000
0.0000000 0.8922527 0.0286629 3 0.0000000 0.0000000
0.0000000 0.9342500 0.0362217 0 -1.0000000 0.0000000
9.6987363 0.9025691 -0.0587404 0 0.1287020 0.0666667
9.8528782 0.8964636 0.0325428 0 0.1379920 0.1818180
9.5164270 0.9040091 -0.0024921 0 0.2839170 0.1176470
9.6117305 0.8926018 -0.0221282 0 -1.0000000 0.3684210
9.9218676 0.8683382 -0.0176050 0 0.2866860 0.2222220
9.8528782 0.8576155 -0.0413264 0 0.1007730 0.2222220
9.8528782 0.8232164 -0.0282164 0 0.4235620 0.1666670
9.9864031 0.8128936 0.0128687 0 0.2631020 0.0384615
10.3918528 0.8255064 0.0293063 1 0.1697770 0.1515150
10.2095374 0.8697291 0.0161863 0 0.1365120 0.1428570
9.6987363 0.8228136 -0.0485033 0 0.4407302 0.1000000
10.1582460 0.7877864 -0.0374843 0 0.1682872 0.1351350
10.3918528 0.8052591 0.0856590 0 0.2161350 0.2307690
10.2583258 0.8055627 -0.0546215 1 0.3068460 0.1000000
10.5810895 0.7906273 -0.0506295 0 0.1778645 0.0701754
11.1258060 0.7870136 0.0499943 0 0.1181860 0.1754390
10.9979747 0.8268600 0.0180273 0 0.1591740 0.1267610
11.3881669 0.7537927 -0.0863155 0 0.1338123 0.1190480
11.7570709 0.7839291 0.0518780 0 0.1201304 0.1964290
10.7691374 0.7652155 -0.0133648 0 0.1638984 0.1566270
11.5958041 0.7675373 -0.0092996 0 0.1338439 0.0408163
11.4764586 0.7645809 -0.0277084 0 0.4913971 0.3750000
9.6987363 0.7591891 0.0238615 1 0.6190571 0.0000000
10.1582460 0.7933864 -0.0199759 0 -1.0000000 0.0595238
12.1041230 0.7447818 0.0591173 0 0.0964197 0.2075470
11.3246542 0.7659909 -0.0052906 0 0.1322460 0.0877193
11.8866040 0.7971700 -0.0105830 0 0.2973022 0.1325300
12.0735864 0.7923664 0.0361392 0 0.1242685 0.0967742
10.6149902 0.7980964 -0.0487084 0 -1.0000000 0.1250000
9.0056505 0.7555745 0.0418276 0 1.6175667 0.0714286
9.6117305 0.7451027 -0.0716368 0 2.1157367 0.1052630
11.0204472 0.7180773 -0.0349440 0 0.9469271 0.1395350
10.9979747 0.7401536 0.0868987 0 0.3847840 0.1153850
11.1840741 0.8661591 0.0559449 1 -1.0000000 0.2352940
9.8528782 0.8119991 -0.0540779 0 0.0000000 0.0000000
0.0000000 0.8480964 0.1073473 0 0.0000000 0.0000000
0.0000000 0.8327255 -0.1113509 0 -1.0000000 0.0000000
9.9218676 0.8067536 0.0222442 0 0.7033567 0.3055560
9.2933019 0.8093982 -0.0724390 0 -1.0000000 0.2888890
10.8247061 0.7558345 0.0161380 0 -1.0000000 0.0000000
0.0000000 0.7623555 0.0043491 11 -1.0000000 0.0000000
7.9072836 0.8188845 0.0699780 1 0.0000000 0.0000000
0.0000000 0.8237500 -0.0293496 0 -1.0000000 0.1818180
10.5096324 0.8232600 0.0542320 0 0.3718160 0.1388890
10.7102982 0.8601445 0.0188640 0 0.2036300 0.3333330
9.0056505 0.8622255 0.0239447 0 -1.0000000 0.1428570
10.2095374 0.9199036 0.0355866 0 0.2686815 0.1578950
9.9218676 0.9175209 -0.0414577 0 0.2177705 0.0000000
0.0000000 0.8634691 -0.0643063 0 -1.0000000 0.2000000
9.6987363 0.8435291 -0.0254512 0 -1.0000000 0.3000000
10.0470250 0.8319145 0.0581798 0 0.1273360 0.1739130
10.2583258 0.8599618 -0.0117408 0 0.1320270 0.0303030
10.6149902 0.8567582 0.0131343 0 0.2221393 0.0769231
10.4326736 0.8250600 -0.0853885 0 0.2368470 0.1388890
10.9514555 0.6853591 -0.1543109 1 0.2233090 0.1111110
10.5459991 0.6465273 0.0163957 1 0.1801075 0.2272730
9.9218676 0.6822655 0.0480877 11 0.4082720 1.0000000
9.1597836 0.7744282 0.1391473 0 0.0000000 1.0000000
0.0000000 0.8455436 0.0409031 3 0.0000000 0.0000000
0.0000000 0.8717982 -0.0065883 0 0.0000000 0.0000000
0.0000000 0.8711536 -0.0279394 0 -1.0000000 0.0500000
8.3126260 0.8255227 -0.0364460 0 0.2171797 0.0000000
10.5810895 0.8103109 0.0301680 0 0.1759330 0.0000000
7.2145044 0.8514791 0.0362640 0 0.7878340 0.0882353
10.3048442 0.8519627 0.0009324 0 0.5842055 0.2500000
0.0000000 0.8691582 0.0130195 0 -1.0000000 0.3548390
10.6149902 0.8710636 -0.0049095 0 0.2155725 1.0000000
0.0000000 0.9081845 0.0911336 0 0.0000000 0.0000000
0.0000000 0.9493064 -0.0102589 0 -1.0000000 0.1304350
9.9864031 0.9634182 -0.0194350 0 0.1980560 0.0952381
10.4718932 0.8838018 -0.0816033 0 0.1411240 0.0000000
0.0000000 0.8460509 -0.0161322 0 -1.0000000 0.2758620
9.8528782 0.8268609 -0.0022362 0 0.2277558 0.1538460
10.4326736 0.8206091 -0.0513489 0 0.1997940 0.1538460
9.0056505 0.7898336 -0.0279213 0 0.2157180 0.2439020
10.6149902 0.7881655 0.0217404 11 0.2933950 0.5000000
7.9072836 0.7879773 0.0140294 11 -1.0000000 0.2500000
8.8233535 0.8210718 0.0459475 1 0.0000000 0.0000000
0.0000000 0.8497891 -0.0105781 0 -1.0000000 0.1428570
9.6117305 0.8272200 0.0122200 0 -1.0000000 0.1470590
10.1041810 0.8814709 0.0581495 0 0.0000000 1.0000000
0.0000000 0.9008191 -0.0127213 0 -1.0000000 0.3333330
9.8528782 0.9193336 0.0223875 0 -1.0000000 0.0000000
9.1597836 0.8932955 -0.0326056 0 2.3841500 0.1875000
10.4326736 0.8734291 -0.0175869 0 0.4085875 0.1666670
9.9218676 0.8436009 -0.0416584 0 -1.0000000 0.1200000
10.1041810 0.8177209 -0.0008397 0 0.0000000 0.0000000
0.0000000 0.8236927 -0.0144508 0 -1.0000000 0.0000000
8.3126260 0.8256364 0.0078617 0 -1.0000000 0.0416667
10.1041810 0.8450045 0.0173295 0 0.2571600 0.0476190
10.6149902 0.8286491 0.0101116 0 0.2683020 0.2000000
10.2583258 0.8243464 -0.0049302 0 0.2489200 0.2500000
9.8528782 0.8543200 0.0444768 0 0.2256615 0.0000000
10.7691374 0.8740245 -0.0266527 0 0.1825152 0.0333333
10.7401505 0.8449973 0.0117964 0 0.2013408 0.1578950
9.2933019 0.8423573 0.0071801 1 0.2822480 0.3000000
7.9072836 0.8622818 -0.0115899 0 -1.0000000 0.3636360
0.0000000 0.8627773 -0.0028246 0 -1.0000000 0.0000000
10.7691374 0.8660318 0.0395237 0 0.0000000 1.0000000
0.0000000 0.9060182 0.0245972 0 0.0000000 0.0000000
0.0000000 0.9212891 -0.0348478 0 0.0000000 0.0000000
0.0000000 0.8789573 -0.0125325 0 -1.0000000 0.0000000
0.0000000 0.8935573 0.0207214 0 0.0000000 0.0000000
0.0000000 0.8900382 -0.0165867 0 0.0000000 0.0000000
0.0000000 0.8622636 -0.0268972 0 0.0000000 0.0000000
0.0000000 0.8495591 -0.0166789 0 0.0000000 0.0000000
0.0000000 0.8229109 -0.0187428 0 0.0000000 0.0000000
0.0000000 0.8393109 0.0660432 0 0.0000000 0.0000000
0.0000000 0.8971509 -0.0068680 3 0.0000000 0.0000000
0.0000000 0.8293200 -0.0418761 0 -1.0000000 0.0000000
9.1597836 0.8634082 0.0715787 0 0.1946852 0.0416667
9.8528782 0.8569509 -0.0780115 0 0.2752254 0.0000000
7.2145044 0.8439064 0.0114817 0 0.0000000 0.0000000
0.0000000 0.8332300 0.0108427 1 -1.0000000 0.0000000
10.1582460 0.8567591 0.0132941 0 -1.0000000 0.0000000
9.1597836 0.8511373 -0.0118969 0 0.8195130 0.1250000
9.8528782 0.8828836 0.0589375 0 1.1774500 0.2631580
10.0470250 0.8906773 -0.0384457 0 0.3832307 0.1153850
10.3048442 0.8442564 -0.0524139 0 0.2793195 0.1538460
9.7787743 0.8446800 0.0652430 0 0.7738410 0.2000000
8.3126260 0.8738191 0.0046950 0 -1.0000000 0.1904760
10.3918528 0.8979291 -0.0175253 0 0.2755253 0.2608700
10.0470250 0.8708373 0.0035990 0 0.1600960 0.1250000
0.0000000 0.8754636 0.0522968 0 -1.0000000 0.2000000
10.2095374 0.8932736 -0.0309905 0 -1.0000000 0.1875000
9.9218676 0.8954345 0.0237199 0 0.1651190 0.0666667
8.8233535 0.8879436 -0.0485970 0 0.5227770 0.5000000
9.8528782 0.8585000 -0.0132154 0 0.5883795 0.1250000
8.3126260 0.8600436 0.0108517 0 0.4258890 0.0000000
9.8528782 0.8605536 -0.0217955 0 -1.0000000 0.1875000
9.6117305 0.8334555 -0.0209936 0 0.1986420 0.0666667
10.0470250 0.8275409 0.0026887 0 0.2247715 0.2857140
9.2933019 0.8117364 0.0050761 1 0.3282820 0.1111110
9.4110747 0.8173009 -0.0002692 0 -1.0000000 0.0833333
7.9072836 0.8825382 0.1140955 0 -1.0000000 0.0000000
9.2933019 0.8896236 -0.0834109 0 -1.0000000 0.1250000
9.8528782 0.8853091 0.0534392 0 0.6774805 0.1176470
9.8528782 0.8942464 -0.0318969 0 0.1529397 0.2000000
9.8528782 0.8967482 -0.0096340 0 0.1699210 0.1111110
9.6117305 0.8985564 0.0722842 0 -1.0000000 0.1250000
9.6987363 0.9226518 -0.0302480 0 0.1889605 0.1538460
9.6987363 0.9370409 0.0507869 0 0.0000000 1.0000000
0.0000000 0.9329682 -0.0671309 0 -1.0000000 0.0000000
0.0000000 0.8981309 0.0048240 0 -1.0000000 0.0000000
8.8233535 0.8854445 -0.0310989 0 0.2399788 0.1538460
10.0470250 0.8838864 0.0097985 0 0.5085643 0.0000000
9.0056505 0.8736736 -0.0103332 1 1.8078700 0.0000000
0.0000000 0.8984227 0.0616730 0 -1.0000000 0.1333330
9.6987363 0.9079018 -0.0706425 0 0.1390993 0.0625000
9.9218676 0.8386000 -0.0135405 0 0.1426525 0.2727270
9.0056505 0.8420745 0.0413857 0 0.0000000 1.0000000
0.0000000 0.8899791 0.0150020 0 -1.0000000 0.1428570
9.2933019 0.8850145 -0.0215508 0 0.1500370 0.1500000
9.8528782 0.8930091 0.0068074 0 -1.0000000 0.0833333
10.3048442 0.8776573 0.0064796 0 0.1691300 0.1785710
10.4326736 0.8826455 0.0106469 0 0.1482030 0.0967742
10.5459991 0.8983809 -0.0348127 0 0.3007860 0.1200000
11.4332868 0.7855700 0.0462745 0 0.1617635 0.1632650
11.4622741 0.8774964 -0.0842665 0 0.1494740 0.2894740
9.6987363 0.8401564 0.0201544 0 0.1239780 0.1632650
11.3246542 0.8374355 -0.0375442 0 0.2219554 0.1282050
9.4110747 0.8280427 0.0170225 0 0.6105010 0.1851850
10.1041810 0.8515009 0.0200994 0 0.9008040 0.1836730
11.4332868 0.8704509 0.0282604 0 0.1561542 0.1184210
11.5704866 0.8571882 -0.0587145 0 0.1757700 0.1975310
11.2211149 0.8352300 0.0314097 0 0.1360156 0.0705882
11.8581663 0.8458845 -0.0116100 1 0.1610660 0.1547620
11.6204965 0.7802900 -0.0876814 0 0.1063156 0.1935480
11.1456084 0.7627545 0.0292793 0 0.1702735 0.1029410
11.5958041 0.7822818 0.0440059 0 0.1362972 0.2307690
10.6477793 0.7894764 -0.0607075 0 0.1309935 0.0869565
12.0889713 0.7687655 -0.0057980 0 0.1306157 0.1607140
11.7987433 0.7630900 -0.0243665 0 0.1519226 0.0958904
12.0177954 0.7593555 0.0640692 0 0.1315786 0.0681818
12.1116136 0.7597782 -0.0483661 0 0.1372014 0.0769231
11.9499732 0.7535300 0.0169888 0 0.1620340 0.2500000
9.5164270 0.7373436 -0.0697596 0 1.0043000 0.1772150
11.8866040 0.7061927 0.0003770 1 0.1027800 0.0000000
9.6987363 0.6931018 0.0076881 0 0.4194210 0.1111110
11.2742240 0.8270600 0.1042491 1 0.9245085 0.0909091
11.4904447 0.8352173 0.0184673 0 0.3913625 0.1250000
9.0056505 0.8456009 0.0127773 0 -1.0000000 0.0000000
0.0000000 0.8748718 0.0400849 0 -1.0000000 0.0781250
11.9587068 0.8656591 -0.0481632 0 0.1753266 0.1041670
11.4332868 0.8521536 0.0115274 0 0.1849369 0.2750000
11.0424257 0.8511118 -0.0110436 0 0.1622944 0.2000000
11.0849847 0.8102991 -0.0647185 0 0.4598670 0.1555560
11.2211149 0.8127391 0.1373736 0 0.5048450 0.1111110
9.6117305 0.8788791 -0.0343793 0 0.6773690 0.0588235
10.5459991 0.8698136 -0.0059533 0 0.2773020 0.0975610
10.9273583 0.8405891 0.0031555 0 0.1922447 0.0476190
10.9273583 0.8928400 0.0722476 0 0.2355550 0.1428570
10.2095374 0.9439736 0.0226895 0 -1.0000000 0.1111110
9.9864031 0.9782736 0.0072970 0 -1.0000000 0.0434783
10.5096324 0.9187918 -0.0818728 0 0.2485060 0.0810811
10.3492945 0.8552300 -0.0445108 1 0.4327810 0.0000000
0.0000000 0.8843436 0.0718535 0 -1.0000000 0.1666670
9.6117305 0.9037155 -0.0265609 0 -1.0000000 0.0000000
9.7787743 0.9244836 0.0075799 0 0.0000000 0.0000000
0.0000000 0.8907536 -0.0163219 0 0.0000000 0.0000000
0.0000000 0.8697936 -0.0264505 0 0.0000000 0.0000000
0.0000000 0.8402636 -0.0301292 0 0.0000000 0.0000000
0.0000000 0.8173573 0.0024906 0 -1.0000000 0.0000000
9.7787743 0.8494873 0.0387128 0 0.1505565 0.2580650
9.9864031 0.8808882 0.0539022 0 0.2119664 0.0909091
10.8247061 0.8733755 -0.0935382 0 0.1312150 0.0000000
10.5810895 0.8480882 0.0223158 0 0.2919580 0.1875000
10.1582460 0.8484055 -0.0108865 0 0.1602050 0.1282050
10.6795272 0.8741836 0.0273303 0 0.2193110 0.0243902
10.9979747 0.8770164 0.0350080 0 0.1747790 0.0666667
10.6149902 0.8952218 -0.0286565 0 0.1613342 0.0967742
10.3048442 0.8825745 -0.0052664 0 0.2357103 0.1176470
9.7787743 0.8582809 -0.0097985 0 -1.0000000 0.0000000
9.6117305 0.8534991 -0.0031364 0 1.3807150 0.0740741
10.1041810 0.8748155 0.0353055 1 0.1521070 0.0666667
10.2583258 0.8405564 -0.1003800 0 0.4368990 0.0888889
10.7691374 0.8003036 -0.0087150 0 0.1496233 0.0000000
0.0000000 0.7723482 -0.0077384 0 -1.0000000 0.0625000
10.6149902 0.7925964 0.0233282 1 0.4225875 0.0357143
10.8513738 0.8047973 -0.0020003 0 0.3414290 0.0612245
11.0204472 0.7557636 -0.0039938 0 0.1577100 0.0344828
11.0639316 0.7940573 0.0256532 0 0.1370590 0.0645161
10.8513738 0.8446818 0.0967464 0 0.1353370 0.2500000
7.9072836 0.8519109 -0.1375400 0 -1.0000000 0.1750000
10.7691374 0.8339018 0.1376064 0 0.3677277 0.0500000
11.4478855 0.9000445 -0.0017233 0 0.1530860 0.0365854
11.5445113 0.8525745 -0.0680390 0 0.1193540 0.0645161
11.5042378 0.8366127 -0.0559679 0 0.1247955 0.2264150
10.7691374 0.7963236 0.0363818 0 0.2609820 0.1136360
10.9026662 0.8062455 0.0132135 0 0.2291670 0.0588235
10.3492945 0.8577355 0.0254812 0 -1.0000000 0.0625000
9.0056505 0.8795455 0.0380070 0 0.1411180 0.2077920
11.4764586 0.8698482 -0.1085427 0 0.1045678 0.1250000
11.3409146 0.8218355 0.0169637 0 0.1780255 0.0571429
11.4034342 0.7643345 -0.0758006 0 -1.0000000 0.0882353
10.7102982 0.7333227 0.0103487 1 0.4515540 0.1276600
10.7102982 0.7627309 0.0879945 0 0.1005274 0.2000000
10.8513738 0.8585818 0.0065474 1 -1.0000000 0.1428570
10.7102982 0.8578236 0.0290170 0 0.2987473 0.0384615
10.1041810 0.8499555 -0.0342233 0 0.1573610 0.0810811
10.7973077 0.8592400 0.0524088 0 0.1786433 0.1632650
10.6477793 0.8745982 -0.0097503 0 0.1386342 0.1578950
10.8773488 0.9049127 0.0081055 0 0.1350935 0.1041670
10.9514555 0.9034236 0.0349442 0 0.2093720 0.0208333
11.0639316 0.8983382 -0.0199319 0 0.2285825 0.0400000
11.0849847 0.9081682 0.0096792 0 -1.0000000 0.1481480
10.3492945 0.8882418 -0.0641425 0 0.0000000 0.0000000
0.0000000 0.8798636 0.0787135 0 -1.0000000 0.2500000
9.1597836 0.9129455 -0.0695600 0 0.5656130 0.0512821
10.7973077 0.8328009 -0.0350105 0 0.4780312 0.0869565
10.3048442 0.8204327 0.0315621 1 0.4171480 0.0909091
10.6149902 0.8536600 0.0003925 0 0.3412640 0.1951220
10.7401505 0.8497391 0.0307451 0 0.2477525 0.0909091
9.7787743 0.8822145 -0.0119926 0 0.3963403 0.0000000
10.6795272 0.9012309 -0.0086722 0 -1.0000000 0.2068970
9.5164270 0.8758800 0.0083202 0 -1.0000000 0.1052630
10.5096324 0.8491673 -0.0261646 0 0.5474810 0.0681818
10.7691374 0.8209464 -0.0517768 0 -1.0000000 0.1600000
10.4326736 0.8163355 0.0627905 0 0.3143750 0.1666670
10.4718932 0.8459909 -0.0277105 0 0.1364925 0.0731707
10.8247061 0.8202582 -0.0156928 0 0.2817480 0.1041670
10.9273583 0.8192164 -0.0137203 0 -1.0000000 0.1730770
10.8773488 0.7934082 -0.0024602 0 0.1933523 0.0937500
10.7102982 0.8236245 0.0417325 0 0.1409980 0.0769231
10.5810895 0.8530091 -0.0049463 0 0.1199846 0.0476190
11.0424257 0.8222700 -0.0038182 0 0.1583455 0.0952381
10.7691374 0.8114000 -0.0347627 1 -1.0000000 0.0512821
10.8513738 0.8084718 0.0455291 0 0.1176650 0.1428570
10.7401505 0.8603227 0.0299289 1 0.1866547 0.2121210
10.5810895 0.8693755 -0.0258194 0 0.2322715 0.1111110
10.5096324 0.8191509 -0.0694217 0 0.2065760 0.1935480
10.5096324 0.7833609 0.0263876 0 0.1486255 0.1481480
10.4718932 0.8116391 0.0102085 0 0.1977788 0.1851850
10.2583258 0.7944009 -0.0402056 0 0.2021190 0.0689655
10.5459991 0.7598191 -0.0272115 0 -1.0000000 0.1315790
10.7102982 0.7488900 0.0125408 0 0.1460150 0.0952381
10.8247061 0.7467855 0.0101385 0 0.1307215 0.1666670
10.9026662 0.7831364 0.0417926 0 0.1121137 0.1363640
10.8247061 0.7701318 -0.0332983 0 0.1350335 0.0877193
11.1056036 0.7755964 0.0084454 0 -1.0000000 0.0579710
11.3409146 0.7937418 0.0178718 0 0.1425980 0.0508475
11.5178434 0.8192655 0.0124608 0 0.1287672 0.0256410
11.3409146 0.7936745 -0.0482120 0 0.1261143 0.0833333
11.7355649 0.7707909 0.0408335 1 0.1179148 0.1132080
11.3409146 0.8045655 0.0491224 11 0.1477047 0.1250000
11.1650262 0.8335155 -0.0358073 0 0.2597742 0.1060610
11.4764586 0.8007518 -0.0890405 0 0.3083480 0.0714286
12.3436714 0.8052555 0.0422673 0 0.1062676 0.0555556
12.0340558 0.7672545 -0.0537954 0 0.1312029 0.0714286
11.9051229 0.7997018 0.0939682 0 0.1199200 0.0416667
11.2913182 0.8356918 -0.0022253 0 -1.0000000 0.1008400
12.4712675 0.8325555 0.0372344 0 0.1086876 0.1343280
12.4918867 0.8404318 -0.0438684 0 0.0940774 0.1011900
12.9503430 0.8466836 0.0097700 0 0.0902104 0.0483871
12.9631636 0.8033427 -0.0054782 0 0.1347643 0.0900901
12.4177790 0.8467909 0.0220804 0 0.1526110 0.0361446
11.8866040 0.8693455 0.0450962 0 0.4209089 0.1319440
12.4448809 0.8305245 -0.0863691 0 0.2936968 0.0370370
13.0189055 0.8158464 0.0677039 0 0.1503710 0.0864198
12.2889467 0.8477800 -0.0339425 0 0.1400418 0.2037040
12.1410273 0.7961518 -0.0271792 0 0.1455606 0.1162790
12.1554160 0.8050918 -0.0060163 0 0.2486076 0.0149254
11.9233051 0.7822345 -0.0051114 1 0.6942622 0.0000000
8.3126260 0.7890655 -0.0184890 0 0.8413740 0.0588235
12.2636290 0.7594045 0.0494965 0 0.5401679 0.0000000
0.0000000 0.8063209 -0.0413488 0 -1.0000000 0.1403510
11.8189459 0.7766827 0.0169398 0 0.2390035 0.1111110
10.1041810 0.7868982 -0.0263974 0 -1.0000000 0.0925926
11.7781242 0.7780100 0.0053550 0 0.1226600 0.0892857
12.4867716 0.7809273 0.0373682 0 0.1580193 0.3181820
10.6149902 0.8022845 -0.0359818 0 0.2031385 0.2222220
11.4764586 0.7794055 0.0282498 0 0.1522387 0.0964912
12.5513099 0.8238145 0.0392164 0 0.0975493 0.1968500
12.1835867 0.8474764 -0.0029009 0 0.1081976 0.1000000
12.6209434 0.8211309 -0.0319514 0 0.1046451 0.0792079
12.5269779 0.8061782 -0.0340479 0 0.2079070 0.1162790
11.4034342 0.7786809 0.0005417 0 0.2385562 0.0740741
12.5513099 0.7401082 -0.0223210 0 0.1289632 0.0714286
11.4764586 0.7318455 -0.0173563 1 0.1370226 0.0795455
11.5575833 0.7210218 -0.0210003 0 0.1713275 0.0714286
11.5178434 0.7417682 0.0440981 0 -1.0000000 0.0461538
11.9759485 0.7627809 0.0470205 1 -1.0000000 0.0909091
0.0000000 0.7783782 -0.0416226 0 -1.0000000 0.0000000
9.8528782 0.7607464 -0.0102635 0 -1.0000000 0.0000000
9.5164270 0.7948418 0.0485488 0 -1.0000000 0.0833333
11.7676530 0.7983236 0.0486064 0 1.1015250 0.0000000
10.5096324 0.7773991 -0.1078691 0 0.0000000 0.0000000
0.0000000 0.7864973 0.1317973 0 0.0000000 0.0000000
0.0000000 0.8800809 0.0461396 0 0.0000000 0.0000000
0.0000000 0.9440773 0.0227186 0 -1.0000000 0.1851850
9.6987363 0.9343636 -0.0113631 0 0.2270090 0.1875000
11.9673648 0.9109064 -0.0573460 0 0.1899747 0.0659341
12.1766181 0.8510782 -0.0581874 0 0.1383787 0.1587300
11.9051229 0.7548864 -0.1055209 1 0.3162298 0.1000000
0.0000000 0.7455436 0.0529575 0 -1.0000000 0.1666670
11.4184719 0.7713191 0.0257227 0 0.1304368 0.0000000
0.0000000 0.8204082 -0.0071950 0 -1.0000000 0.0333333
12.7432003 0.7485555 -0.0731305 0 0.0956283 0.0212766
11.4764586 0.6872691 -0.0323247 0 0.3509721 0.0971429
12.7471607 0.7051709 0.0949618 11 0.1025972 0.0686275
12.4764623 0.8211836 0.0764676 1 0.1742386 0.1632650
11.2913182 0.8773691 0.0797958 0 0.0781320 0.1250000
12.7667307 0.8515709 -0.0865959 0 0.1137804 0.1195650
12.1116136 0.8269527 -0.0628665 0 0.0844241 0.1515150
12.5416481 0.7535727 -0.0770538 0 0.2540720 0.0986842
12.7027091 0.7330164 0.0845550 0 0.1069508 0.0243902
12.6209434 0.7422382 -0.0352141 0 0.4500314 0.0000000
0.0000000 0.7992436 0.0912973 0 0.0000000 1.0000000
0.0000000 0.7788245 -0.0985409 0 0.0000000 0.0000000
0.0000000 0.7376500 0.0288267 0 0.0000000 0.0000000
0.0000000 0.7564991 -0.0079297 0 -1.0000000 0.0714286
12.0735864 0.7780636 0.0578224 0 0.1014217 0.0933333
12.4395189 0.7890509 -0.0452815 0 0.1833334 0.0459770
12.3842565 0.7566382 -0.0493330 0 0.2013121 0.1089110
12.2763680 0.7118245 -0.0287546 0 0.2723380 0.1000000
10.4718932 0.6965936 0.0140164 0 1.6386200 0.0350877
11.6681242 0.8161891 0.1645600 1 0.3190420 0.0000000
10.4718932 0.8229236 -0.0613326 0 1.2265400 0.1081080
11.2913182 0.8299200 0.0253284 0 0.4872235 0.0000000
0.0000000 0.9010991 0.0934227 1 -1.0000000 0.0000000
0.0000000 0.9633827 0.0170418 0 -1.0000000 0.1111110
0.0000000 0.9358927 -0.0185029 0 -1.0000000 0.0526316
10.3048442 0.8827082 -0.0882821 0 -1.0000000 0.0000000
11.1650262 0.8549918 0.0283683 0 -1.0000000 0.0000000
0.0000000 0.8990409 0.0324528 0 -1.0000000 0.0000000
0.0000000 0.9419136 0.0201355 0 -1.0000000 0.0000000
10.4718932 0.9263400 -0.0332302 0 0.0000000 0.0000000
0.0000000 0.8841745 -0.0181638 0 0.0000000 0.0000000
0.0000000 0.8736582 0.0164095 0 0.0000000 0.0000000
0.0000000 0.8497418 -0.0118871 0 0.0000000 0.0000000
0.0000000 0.8357573 -0.0360270 0 0.0000000 0.0000000
0.0000000 0.8459527 0.0398345 0 0.0000000 0.0000000
0.0000000 0.8663655 -0.0416023 0 0.0000000 0.0000000
0.0000000 0.8294955 -0.0034254 3 0.0000000 0.0000000
0.0000000 0.8871655 0.1059645 1 -1.0000000 0.0000000
7.2145044 0.9449036 0.0182737 0 -1.0000000 0.1388890
10.9273583 0.9578418 -0.0273787 0 0.5208103 0.2777780
9.1597836 0.8837545 -0.0789586 0 -1.0000000 0.0952381
0.0000000 0.8222218 -0.0753685 0 -1.0000000 0.0000000
10.9979747 0.8096655 0.0134066 0 -1.0000000 0.0487805
0.0000000 0.8523355 0.1094073 0 -1.0000000 0.1794870
11.2027660 0.9048391 0.0080037 0 1.3593300 0.1166670
11.5575833 0.9086909 -0.0961173 1 1.2624105 1.0000000
7.9072836 0.7778855 -0.0492001 0 0.0000000 0.0000000
0.0000000 0.7015400 -0.1065918 0 0.0000000 0.0000000
0.0000000 0.7286027 0.0928782 1 0.0000000 0.0000000
0.0000000 0.7495482 -0.0141766 0 0.0000000 0.0000000
0.0000000 0.7621182 0.0303671 0 0.0000000 0.0000000
0.0000000 0.7984264 0.0494121 0 0.0000000 0.0000000
0.0000000 0.8252927 0.0271269 0 0.0000000 0.0000000
0.0000000 0.8432445 -0.0171654 0 0.0000000 0.0000000
0.0000000 0.8340136 0.0241740 0 0.0000000 0.0000000
0.0000000 0.8251600 -0.0627221 0 0.0000000 0.0000000
0.0000000 0.7978445 0.0494275 0 0.0000000 0.0000000
0.0000000 0.8665945 0.0298624 0 0.0000000 0.0000000
0.0000000 0.8734073 0.0426126 3111111 0.0000000 0.0000000
0.0000000 0.8923273 -0.0299625 0 -1.0000000 0.1153850
11.1456084 0.8585536 0.0304335 0 0.6707252 0.1428570
