8.3126260 0.8060745 -0.0154060 0 2.0597800 1.0000000
8.6002467 0.8097955 0.0327445 1 2.4739200 1.0000000
8.3126260 0.8387500 0.0735025 0 3.8395550 0.0000000
9.0056505 0.9130845 0.0255793 0 0.0000000 0.0000000
0.0000000 0.8438582 -0.1500682 0 0.0000000 0.0000000
0.0000000 0.8491609 0.1006555 0 0.0000000 0.0000000
0.0000000 0.8625845 -0.0190337 3 0.0000000 0.0000000
0.0000000 0.8446827 -0.0407561 0 0.0000000 0.0000000
0.0000000 0.8044100 0.0160107 0 0.0000000 0.0000000
0.0000000 0.8384391 -0.0336881 0 0.0000000 0.0000000
0.0000000 0.8361727 -0.0195339 0 0.0000000 0.0000000
0.0000000 0.8239645 0.1082800 0 -1.0000000 0.0000000
0.0000000 0.8406000 -0.0807415 0 -1.0000000 0.0000000
8.3126260 0.7960755 0.0047837 0 0.4703563 0.1875000
8.6002467 0.8252500 0.0370404 0 1.4218000 1.0000000
9.7787743 0.8755927 0.0215898 0 0.0000000 1.0000000
0.0000000 0.8452827 -0.0758425 0 -1.0000000 1.0000000
8.8233535 0.7986591 0.0167048 0 4.1207525 1.0000000
8.6002467 0.8459709 0.0147659 0 4.3093900 1.0000000
8.8233535 0.8515309 0.0428736 0 4.6108900 1.0000000
9.0056505 0.8835045 -0.0035037 1 4.7282000 1.0000000
8.8233535 0.8771191 -0.0244232 0 6.0512233 1.0000000
9.0056505 0.7916182 -0.0073773 0 0.0000000 0.0000000
0.0000000 0.8058473 -0.0580797 0 0.0000000 0.0000000
0.0000000 0.8158327 0.0571773 0 0.0000000 0.0000000
0.0000000 0.7862936 -0.0849935 3 0.0000000 0.0000000
0.0000000 0.7981118 0.1190427 0 0.0000000 1.0000000
0.0000000 0.8175764 -0.0964991 0 0.0000000 0.0000000
0.0000000 0.7736555 0.0073784 0 0.0000000 0.0000000
0.0000000 0.7631373 -0.0155705 0 0.0000000 0.0000000
0.0000000 0.8045364 0.0366400 0 0.0000000 0.0000000
0.0000000 0.8894436 0.0691752 0 0.0000000 0.0000000
0.0000000 0.8392955 0.0073737 0 0.0000000 0.0000000
0.0000000 0.8290118 -0.0355112 0 0.0000000 0.0000000
0.0000000 0.8699073 0.0303710 0 0.0000000 0.0000000
0.0000000 0.8197318 -0.0751093 0 0.0000000 0.0000000
0.0000000 0.7872691 -0.0064344 0 0.0000000 0.0000000
0.0000000 0.7988845 0.0042011 0 0.0000000 0.0000000
0.0000000 0.7862945 0.0088485 0 0.0000000 0.0000000
0.0000000 0.8224145 0.0497561 0 0.0000000 0.0000000
0.0000000 0.8424236 -0.0070471 0 0.0000000 0.0000000
0.0000000 0.8987964 0.0231146 3 0.0000000 0.0000000
0.0000000 0.9282018 0.0858270 0 0.0000000 0.0000000
0.0000000 0.8779618 -0.1335191 0 0.0000000 0.0000000
0.0000000 0.7886055 0.0098781 0 -1.0000000 0.0000000
7.2145044 0.8547355 -0.0058256 0 5.0334700 0.4722220
7.9072836 0.8075409 -0.0278850 0 0.0000000 0.0000000
0.0000000 0.8289164 0.0600895 0 -1.0000000 1.0000000
9.1597836 0.8097609 -0.1376582 0 0.0000000 0.0000000
0.0000000 0.7941273 0.1083073 0 0.0000000 1.0000000
0.0000000 0.8007364 -0.0592793 0 -1.0000000 1.0000000
9.1597836 0.8251664 0.0938118 0 4.6246475 1.0000000
8.3126260 0.8507645 -0.0198667 0 0.0000000 0.0000000
0.0000000 0.8090291 -0.0382992 0 0.0000000 1.0000000
0.0000000 0.8063618 -0.0019997 1 -1.0000000 1.0000000
8.3126260 0.8108073 -0.0092587 0 0.0000000 0.0000000
0.0000000 0.7880527 0.0044686 0 -1.0000000 0.0000000
7.2145044 0.7999009 0.0254033 0 0.0000000 0.0000000
0.0000000 0.7931627 -0.0467493 0 0.0000000 0.0000000
0.0000000 0.7742836 0.0224335 0 0.0000000 0.0000000
0.0000000 0.8427282 -0.0498916 0 0.0000000 0.0000000
0.0000000 0.7854118 0.1009791 0 0.0000000 0.0000000
0.0000000 0.8420900 -0.0222798 0 -1.0000000 0.0000000
9.5164270 0.8682145 0.0364012 0 0.0000000 0.0000000
0.0000000 0.8124973 -0.0556035 0 0.0000000 0.0000000
0.0000000 0.8597945 0.0346430 0 0.0000000 0.0000000
0.0000000 0.8331273 0.0123748 0 0.0000000 0.0000000
0.0000000 0.8462791 -0.0317557 0 0.0000000 0.0000000
0.0000000 0.8192573 -0.0177502 0 0.0000000 0.0000000
0.0000000 0.8125091 0.0029316 0 0.0000000 0.0000000
0.0000000 0.8002445 0.0002045 0 0.0000000 0.0000000
0.0000000 0.8071718 -0.0429027 0 0.0000000 0.0000000
0.0000000 0.7865536 0.0250883 3 0.0000000 0.0000000
0.0000000 0.8342600 0.0452805 0 0.0000000 0.0000000
0.0000000 0.8279727 0.0132244 1 -1.0000000 0.0000000
0.0000000 0.8752418 0.0391615 0 0.0000000 0.0000000
0.0000000 0.8699891 -0.0691860 0 0.0000000 0.0000000
0.0000000 0.8143773 0.0385009 0 0.0000000 0.0000000
0.0000000 0.8725991 -0.0015227 0 0.0000000 0.0000000
0.0000000 0.8688027 -0.0504727 0 0.0000000 0.0000000
0.0000000 0.8121818 0.0808955 0 0.0000000 0.0000000
0.0000000 0.8128636 -0.0684938 0 0.0000000 0.0000000
0.0000000 0.8013200 -0.0214215 0 0.0000000 0.0000000
0.0000000 0.8577127 0.0505545 3 0.0000000 0.0000000
0.0000000 0.8094200 -0.0641852 0 0.0000000 0.0000000
0.0000000 0.7668364 0.0042629 0 -1.0000000 0.0000000
7.2145044 0.8442164 0.0892036 0 0.9127310 0.0000000
9.0056505 0.8496300 -0.0171939 0 0.0000000 0.0000000
0.0000000 0.8855200 0.0164964 0 -1.0000000 0.0000000
9.4110747 0.8200964 -0.0873769 0 1.9406775 0.0000000
11.1650262 0.7814300 0.0216952 0 2.4525727 0.0000000
11.3726629 0.8224436 -0.0382949 0 0.0000000 0.0000000
0.0000000 0.7933527 0.0764622 0 -1.0000000 0.1111110
11.4764689 0.8326645 0.0118305 0 2.1787530 1.0000000
11.0204635 0.9465736 -0.0628743 2 0.0000000 1.0000000
0.0000000 0.8249964 0.1182464 0 -1.0000000 1.0000000
8.3126260 0.8603382 -0.1396182 11 0.0000000 0.0000000
0.0000000 0.7732227 0.0185632 0 -1.0000000 0.0000000
7.2145044 0.8190500 0.0829185 0 0.2895700 0.0000000
9.5164270 0.8305255 -0.0601451 0 0.6656968 0.0000000
10.3492945 1.3636364 0.0000000 0 0.5280422 0.6666670
9.4110747 1.3636364 0.0000000 0 0.0000000 0.0000000
0.0000000 0.8021073 0.0360481 0 -1.0000000 0.0000000
13.5363362 0.8000036 -0.0382770 0 0.1274786 0.0000000
14.3838884 0.8092991 0.0731848 0 0.2404357 0.0000000
13.6563096 0.8487736 -0.0567262 0 0.4832411 0.0000000
13.1164037 0.7772555 0.0591765 0 0.9805905 0.0000000
13.0802385 0.8574255 0.0167650 0 0.8535534 0.0000000
14.2481569 0.8217164 -0.0559000 0 0.7683078 0.0000000
13.1747755 0.8526727 0.0874466 0 0.2856856 0.0000000
13.5576500 0.9032091 -0.0027336 0 0.4617891 0.0000000
13.0037307 0.8759064 -0.1026245 0 0.5984371 0.0000000
12.7550347 0.8378818 0.0526743 0 0.7946233 0.0021834
14.2664900 0.8469391 -0.0088162 0 0.2164031 0.0016807
14.1491395 0.8767555 0.0585078 0 0.1897641 0.0000000
14.3660377 0.8987055 0.0295423 0 0.0851201 0.0021030
14.6650104 0.8774964 -0.0590050 0 0.0947660 0.0000000
14.8101610 0.8213482 -0.0837044 0 0.0928884 0.0000000
14.9513849 0.7960809 0.0249701 0 0.1095379 0.0015432
14.6998213 0.7807355 -0.0477581 0 0.1995903 0.0036969
14.3784893 0.7684845 0.0315535 0 0.3413535 0.0000000
13.7490106 0.7677555 -0.0074768 0 0.4434812 0.0000000
14.3236484 0.8020736 0.0599392 0 0.5451136 0.0035842
13.3449964 0.8255364 -0.0295152 1 0.8645878 0.0000000
12.6860421 0.8033145 -0.0167117 0 0.7774099 0.0000000
13.5541289 0.8246791 0.0346307 0 0.8441613 0.0000000
12.0259587 0.7959273 -0.0515816 0 0.5103263 0.0000000
13.0128632 0.7901882 0.0383724 0 1.4130726 0.0000000
13.6006489 0.8433636 0.0475315 0 0.4811158 0.0000000
12.7191028 0.8986091 0.0468186 0 0.4334353 0.0000000
12.8305421 0.8473782 -0.0736085 0 0.3044632 0.0000000
13.7120516 0.8947936 0.0766049 0 0.1304085 0.0029240
13.0219130 0.8821673 -0.0703321 0 0.2390691 0.0000000
13.9660395 0.7963064 -0.0848781 0 0.0881398 0.0029325
13.6736739 0.8043327 0.1008255 0 0.0899889 0.0000000
13.7576812 0.8546827 -0.0223991 0 0.3438822 0.0000000
13.6721077 0.8365445 0.0171259 0 0.4457948 0.0000000
13.7284821 0.8462545 -0.0084392 0 0.3940435 0.0000000
13.4714373 0.8473682 0.0062505 0 0.3717794 0.0013141
14.6736835 0.8699264 -0.0043771 0 0.1590336 0.0000000
14.3478626 0.8786827 0.0516377 0 0.1687613 0.0000000
14.4819918 0.9279055 0.0349823 0 0.2202228 0.0013532
14.2058654 0.8724064 -0.0330655 0 0.2627450 0.0034562
14.4937771 0.9286055 0.0339513 0 0.0958805 0.0008460
14.8315282 0.8799300 -0.0650523 0 0.0991220 0.0000000
15.0983451 0.8414136 -0.0630206 0 0.0951096 0.0010417
14.9617972 0.8115191 0.0311570 0 0.2184222 0.0012407
15.0163867 0.8372382 -0.0440435 0 0.1415116 0.0000000
14.7743699 0.7783264 -0.0222647 0 0.2602193 0.0000000
11.1456084 0.7826827 0.0166756 1 0.2980682 0.0000000
14.1053950 0.8539082 0.0711710 0 0.3738177 0.0000000
14.0305050 0.7947673 -0.0643300 0 0.2845838 0.0000000
0.0000000 0.8673745 0.0675605 0 -1.0000000 0.0000000
13.7888452 0.8092027 -0.1071700 0 2.3229619 0.0000000
13.8666323 0.7750191 0.0092582 0 0.5551355 0.0000000
12.3013692 0.7702309 0.0114274 0 1.1421068 0.0017953
14.7203605 0.8108673 0.0048201 0 0.1640339 0.0000000
13.4061323 0.7765045 0.0152803 0 0.5237489 0.0000000
14.0900337 0.7725109 -0.0104053 0 0.5645598 0.0028986
13.6658184 0.7937327 0.0354266 0 0.4420277 0.0000000
13.7547994 0.8330345 0.0297054 0 0.8660598 0.0049261
13.6705391 0.8900836 0.0808082 0 1.0014562 0.0000000
13.2468563 0.9039618 -0.1005873 0 1.2446947 0.0000000
14.3746148 0.8859664 0.0307793 0 0.6910875 0.0000000
14.1873120 0.8651418 -0.0306309 0 0.0927748 0.0012331
14.5802139 0.8339400 0.0284874 0 0.0956436 0.0000000
14.3753909 0.8114591 -0.0865905 0 0.1901856 0.0012453
14.7170583 0.7877027 0.0626786 0 0.0988991 0.0000000
14.5821085 0.8139500 -0.0537935 0 0.1599647 0.0054795
14.3558055 0.7805218 -0.0045132 0 0.1510795 0.0000000
12.2826771 0.8018409 0.0579201 0 0.5429220 0.0040650
13.2821956 0.8510518 0.0566411 0 1.3197006 0.0000000
13.2705540 0.8188482 -0.1138364 0 0.4543033 0.0000000
13.9753419 0.8642800 0.0941264 0 0.7220340 0.0000000
14.2586741 0.8506164 -0.0483332 0 0.3109822 0.0000000
13.9046115 0.8174827 -0.0521301 0 0.1544298 0.0000000
14.3096621 0.8119773 0.0414742 0 0.2181962 0.0000000
14.5067865 0.8196709 0.0267997 0 0.1233989 0.0000000
13.7387990 0.8684982 0.0587107 0 0.2865636 0.0000000
11.8387483 0.8508527 -0.0540730 0 0.8392485 0.0000000
12.3955560 0.8422745 -0.0008475 0 1.9531983 0.0000000
10.3492945 0.8157864 -0.0130705 0 2.4701283 0.0000000
12.9852117 0.8578600 0.0084762 0 2.3377709 0.0000000
0.0000000 0.8631373 -0.0196350 1 -1.0000000 0.0000000
13.2982694 0.8518300 0.0375326 0 1.0323045 0.0080645
11.9233051 0.8298836 -0.0439189 0 1.5881435 0.0000000
12.6902349 0.7836727 -0.0263409 0 1.8982910 0.0000000
12.2177196 0.7969055 0.0231039 0 1.5701085 0.0000000
13.6173437 0.8112200 -0.0335804 0 0.3365143 0.0000000
12.8121930 0.7863073 0.0514564 0 0.7352292 0.0000000
13.0037307 0.8202773 -0.0294776 0 0.4001900 0.0000000
13.5505953 0.7918218 0.0024961 0 0.1482662 0.0023697
13.6531199 0.7895273 -0.0049579 0 0.1241013 0.0000000
14.0817435 0.7776227 0.0053587 0 0.1030129 0.0029412
14.0217041 0.8136591 0.0205500 0 0.1509298 0.0000000
13.3274521 0.8311109 -0.0562916 0 0.2264753 0.0000000
13.2705540 0.8152664 0.1069700 0 0.4387278 0.0029070
13.5646553 0.8413609 -0.0649711 0 0.3436105 0.0000000
13.8177131 0.8318809 0.0659564 0 0.1912195 0.0000000
13.4904132 0.8714691 0.0236768 0 0.2969192 0.0020325
14.0172744 0.8463809 -0.1136482 0 0.1504561 0.0000000
14.3510473 0.7871573 -0.0052436 0 0.1016545 0.0011198
14.4728850 0.8152509 0.1198909 1 0.0997866 0.0000000
14.7543902 0.8389236 -0.0534207 0 0.0923774 0.0025253
14.2159249 0.8480036 -0.0441372 0 0.1943018 0.0047847
13.3536544 0.7917936 0.0465953 0 0.3568510 0.0000000
13.1109242 0.9118991 -0.0096036 0 0.8519029 0.0000000
13.1164037 0.8748973 0.0216030 0 0.9533414 0.0000000
0.0000000 0.8979245 0.0324105 0 -1.0000000 0.0000000
0.0000000 0.8633264 -0.0063060 0 -1.0000000 0.0000000
0.0000000 0.8385609 -0.0710285 0 -1.0000000 0.0000000
13.3118442 0.8438336 0.0369010 0 2.6393734 0.0000000
11.0849847 0.8325282 -0.0076784 0 2.8728800 0.0000000
12.0813084 0.8636455 -0.0074598 0 2.6787600 0.0000000
11.4622741 0.8181600 -0.0528341 0 3.2961335 0.0000000
11.8959064 0.7779836 -0.0291965 0 2.9395379 0.0000000
11.4332868 0.7661873 0.0125772 0 1.0578527 0.4000000
11.7024130 0.8036691 0.1098345 0 1.7454404 1.0000000
10.3048442 0.7796745 -0.1318118 0 3.1432118 1.0000000
11.0849847 0.7359809 -0.0015244 0 3.9938570 1.0000000
11.7570709 0.7717364 0.0725023 0 4.9434736 0.0000000
11.3081251 0.7961709 -0.0376484 0 0.0000000 1.0000000
0.0000000 0.7837736 -0.0125528 0 -1.0000000 1.0000000
10.6795272 0.7582355 -0.0059625 0 6.8803380 0.0000000
10.0470250 0.7661118 0.0105995 0 7.8428033 1.0000000
9.6987363 0.8159818 0.0945427 0 8.7272667 0.0000000
10.2095374 0.8833445 -0.0243825 0 9.7007800 0.0000000
9.6987363 0.8319427 0.0213125 0 10.9273600 0.0000000
7.2145044 0.8414455 -0.0227464 0 -1.0000000 0.0000000
9.9218676 0.8561945 0.0405599 0 12.3207750 1.0000000
10.5459991 0.8563355 -0.0657165 0 13.0891500 1.0000000
10.7973077 0.8108245 0.0464462 0 14.3750333 0.0000000
10.2095374 0.8413345 -0.0522096 2 15.0364714 1.0000000
11.1258060 0.7548482 -0.0445155 1 16.3537091 0.0000000
9.6987363 0.8431173 0.0856945 21 0.0000000 0.0000000
0.0000000 0.7965755 -0.1021682 0 -1.0000000 0.0000000
0.0000000 0.7636909 -0.0108174 0 0.0000000 0.0000000
0.0000000 0.7712045 0.0511402 0 0.0000000 0.0000000
0.0000000 0.8069973 -0.0037190 0 0.0000000 0.0000000
0.0000000 0.8235645 0.0950364 0 0.0000000 0.0000000
0.0000000 0.9226464 0.0964673 0 0.0000000 0.0000000
0.0000000 0.9229591 -0.0974436 0 0.0000000 0.0000000
0.0000000 0.9092564 0.0194145 0 0.0000000 0.0000000
0.0000000 0.8441745 -0.0720345 0 0.0000000 0.0000000
0.0000000 0.8059191 -0.0348400 0 0.0000000 0.0000000
0.0000000 0.8000782 0.0227047 0 0.0000000 0.0000000
0.0000000 0.8308382 0.0204818 0 0.0000000 0.0000000
0.0000000 0.7880318 -0.0155492 0 0.0000000 0.0000000
0.0000000 0.8346036 0.0170930 0 0.0000000 0.0000000
0.0000000 0.8232291 0.0000995 0 0.0000000 0.0000000
0.0000000 0.8280755 -0.0049558 0 0.0000000 0.0000000
0.0000000 0.8371718 0.0125526 0 0.0000000 0.0000000
0.0000000 0.8838509 0.0205466 0 0.0000000 0.0000000
0.0000000 0.8487882 0.0199459 0 0.0000000 0.0000000
0.0000000 0.8822427 -0.0222069 0 0.0000000 0.0000000
0.0000000 0.8198336 -0.0247725 0 0.0000000 0.0000000
0.0000000 0.8210755 -0.0530094 0 0.0000000 0.0000000
0.0000000 0.8304191 0.1057873 0 0.0000000 0.0000000
0.0000000 0.9160536 0.0003303 0 0.0000000 0.0000000
0.0000000 0.8884436 0.0213429 0 0.0000000 0.0000000
0.0000000 0.9213464 -0.0020414 0 0.0000000 0.0000000
0.0000000 0.8365036 -0.0919045 3 0.0000000 0.0000000
0.0000000 0.8153300 0.0138519 0 0.0000000 0.0000000
0.0000000 0.8311691 0.0790192 0 0.0000000 0.0000000
0.0000000 0.8942209 -0.0510761 0 -1.0000000 0.0000000
12.1835867 0.8246073 -0.0463176 0 0.1362009 0.0000000
12.8449827 0.8071355 0.0543095 0 0.3516548 0.0000000
13.2868145 0.8657218 -0.0597550 0 0.1672885 0.0000000
13.1696076 0.8038427 0.0621742 0 0.1281670 0.0033113
13.3665026 0.8565245 -0.0401965 0 0.1457124 0.0000000
13.7387990 0.8260564 0.0275645 0 0.1330023 0.0000000
13.7180576 0.8339491 -0.0660935 0 0.1097227 0.0000000
13.7014534 0.8013745 0.0814356 0 0.3159710 0.0000000
14.1064107 0.8306609 -0.0375413 0 0.1758132 0.0000000
13.9132696 0.7996582 0.0052128 0 0.2230700 0.0000000
12.4122694 0.8671591 0.0389206 0 0.2681891 0.0000000
13.9435933 0.8997591 0.0683119 0 0.3051926 0.0000000
13.6255878 0.8609391 -0.1366745 0 0.4482247 0.0000000
13.5594060 0.8829236 0.1413155 0 0.1725030 0.0000000
14.2560551 0.9164727 -0.1234064 0 0.2018362 0.0000000
14.3366356 0.8212600 -0.0240205 0 0.2108086 0.0011933
14.3071735 0.8016127 0.0186746 0 0.0959346 0.0012225
14.6673306 0.8166364 -0.0243915 0 0.0963975 0.0000000
14.4812942 0.8153764 0.0564489 0 0.1431941 0.8216560
13.9970943 0.8716791 0.0299276 21 0.3035328 1.0000000
12.7312242 0.8347345 -0.0942727 0 1.2395896 1.0000000
9.6987363 0.9014518 0.1629145 0 1.4282567 0.0000000
0.0000000 0.9016209 -0.1102436 0 -1.0000000 0.0000000
13.2845077 0.8187527 -0.0450516 0 0.1658083 0.0000000
11.9142554 0.8035973 0.0490765 0 1.4195968 0.0000000
14.0128250 0.8351409 0.0025236 0 0.8606912 0.0000000
14.0754804 0.8661100 -0.0659315 0 0.2927236 0.0000000
12.0813084 0.8045064 0.0011090 0 0.1576380 0.0000000
11.4332868 0.7734564 -0.0199873 0 1.7995344 0.0000000
14.0359665 0.7725600 0.0261397 0 0.1378073 0.0000000
13.5255045 0.8153527 0.0413450 0 0.1940994 0.0000000
11.9928980 0.8191445 -0.1019400 0 1.0790148 0.0000000
13.6626589 0.7555327 0.0655277 0 0.6147775 0.0000000
13.0970927 0.8494027 0.0490591 0 0.7185640 0.0000000
13.2868145 0.8284918 -0.0133642 0 0.5894006 0.0000000
10.5810895 0.8581118 0.0064900 0 1.3547236 0.0044576
13.7284821 0.8076900 -0.0341807 0 0.6615936 0.0000000
14.5795816 0.8274509 -0.0299348 0 0.1087912 0.0000000
14.4805962 0.8117545 0.0630856 0 0.2535810 0.0000000
14.0628354 0.8688055 0.0234368 0 0.2391648 0.0000000
12.3670642 0.8543418 0.0003967 0 0.7504675 0.0000000
13.2274853 0.7972391 -0.0970873 0 1.2976135 0.0000000
11.6911135 0.8317464 0.0821270 0 1.1594989 0.0000000
13.0830673 0.8102000 -0.0115676 0 1.3095603 0.7816090
13.5163886 0.8227873 -0.0119070 0 0.5883136 1.0000000
8.3126260 0.8713427 0.0829924 3 1.2403800 1.0000000
11.8485044 0.8778482 -0.0295701 0 1.8341097 0.0000000
8.6002467 0.8746545 0.0227314 0 4.1508500 0.0000000
0.0000000 0.8932764 -0.0097701 0 0.0000000 0.0000000
0.0000000 0.9014727 0.0214007 0 0.0000000 0.0000000
0.0000000 0.9384191 0.0111255 3 0.0000000 0.0000000
0.0000000 0.8786391 -0.0298052 0 0.0000000 0.0000000
0.0000000 0.9098973 0.0141151 0 -1.0000000 0.0000000
10.1041810 0.8865518 -0.0193903 0 0.2323672 0.0000000
8.6002467 0.9018145 0.0241025 0 0.8120348 0.5700930
11.2913182 0.8679227 -0.0571405 0 1.5126850 1.0000000
11.4764586 0.8577245 0.0276623 0 2.8048100 1.0000000
10.0470250 0.8584300 0.0102448 0 3.3219433 1.0000000
10.2583258 0.8757864 -0.0437383 0 4.3910533 1.0000000
9.2933019 0.8164973 -0.0486165 0 5.4380925 1.0000000
10.1582460 0.7968882 0.0193076 0 6.4759360 1.0000000
10.9026662 0.8034027 0.0232195 0 7.2669192 1.0000000
10.9273583 0.8690227 -0.0009886 0 8.4994856 1.0000000
10.1041810 0.8068591 -0.0655617 0 9.8990678 0.0000000
10.3492945 0.7596436 -0.0122641 0 9.5189425 1.0000000
10.8513738 0.7630036 0.0703907 0 10.2004000 0.0000000
9.9218676 0.8099355 -0.0227868 2 10.3337800 0.0000000
0.0000000 0.7790473 -0.0587092 0 -1.0000000 0.0000000
0.0000000 0.7565755 0.0632124 0 -1.0000000 0.0000000
0.0000000 0.8096964 0.0184181 0 0.0000000 0.0000000
0.0000000 0.8173245 0.0058899 0 -1.0000000 0.0000000
11.7570709 0.8245282 -0.0402445 0 0.2697566 0.0000000
11.5958041 0.7622273 -0.0661280 0 0.9752283 0.0000000
12.2109856 0.7547764 0.0408905 0 0.2033777 0.0000000
12.5750639 0.7981773 0.0703677 0 0.1021421 0.0000000
12.8121930 0.8545836 0.0198703 0 0.1194234 0.0000000
12.9108643 0.8110455 -0.0777039 0 0.1126254 0.0000000
13.1136677 0.8061200 0.0101031 0 0.1513756 0.0000000
13.3937865 0.8410082 0.1075573 0 0.1023699 0.0000000
13.6467096 0.8801327 -0.0386303 0 0.1195332 0.0030769
13.3728653 0.8709818 0.0126866 1 0.2084415 0.0000000
13.7165595 0.9234491 0.0664089 0 0.1007412 0.0000000
12.5318919 0.8617600 -0.1480045 0 0.5591262 0.0000000
12.2571982 0.8513427 0.0744652 0 0.8785096 0.0000000
11.6082266 0.8472555 -0.0523350 0 0.4256063 0.0000000
12.3955560 0.8035755 -0.0399339 0 0.7657284 0.0056497
13.0067842 0.7773891 -0.0169273 0 0.4648394 0.0000000
12.3842565 0.7845018 -0.0110309 0 0.1090717 0.0062893
12.9108643 0.7494827 0.0036516 0 0.5330930 0.0000000
12.2571982 0.7657700 0.0318195 0 0.6740866 0.0000000
10.3048442 0.8116727 0.0509599 0 0.9075896 0.0000000
12.3136392 0.9164409 0.0957600 0 0.9922095 0.0000000
11.1840741 0.8706064 0.0129460 0 1.8112400 0.0000000
12.3899222 0.9171391 -0.0909327 0 1.1466319 0.0000000
13.7299625 0.8297718 -0.0095991 0 0.1245656 0.0000000
13.3118442 0.8426627 -0.0448928 1 0.1758890 0.0000000
13.8271535 0.8071945 0.0457333 0 0.1608487 0.0000000
13.1977064 0.8525182 -0.0085868 0 0.3048659 0.0000000
11.8288961 0.8366573 0.0081149 0 0.8437943 0.0116279
12.0095649 0.8558800 0.0177006 0 1.0530288 0.0000000
12.5269779 0.8288909 -0.0283404 0 0.5851289 0.0000000
13.8244653 0.8549973 0.0452857 0 0.1792518 0.0000000
11.7676530 0.9104136 -0.0058304 0 0.4983971 0.0000000
11.4904447 0.8473164 -0.0140782 0 1.3669926 0.0000000
10.8513738 0.8478200 -0.0297074 0 2.3432391 0.0000000
8.8233535 0.8037164 0.0282350 0 3.4756333 0.0000000
11.4184719 0.8901173 -0.0080786 0 3.6172543 0.0000000
11.7676530 0.8485564 0.0065729 0 2.7172250 0.0000000
12.0965758 0.8111436 -0.0568533 0 0.6204976 0.0000000
11.9499732 0.7981364 -0.0089077 0 1.2395925 0.0000000
12.2763680 0.8117691 0.0360476 0 1.0494690 0.0000000
12.4969758 0.8258245 -0.0354798 0 0.7548379 0.0000000
11.7463757 0.7893627 0.0006334 0 0.5517899 0.0181818
11.7135862 0.7838591 -0.0131573 0 0.4626662 0.0000000
11.8959064 0.8042445 0.0311343 0 0.4437962 0.0000000
12.2442110 0.8361709 0.0374058 0 0.3474212 0.0000000
11.2913182 0.8064409 -0.0468862 0 0.5421800 0.0000000
10.4718932 0.8538164 0.0668322 0 0.8630100 0.0000000
10.3492945 0.8453682 -0.0353385 0 1.3001444 0.0000000
10.1041810 0.8076836 -0.0307223 1 1.0859540 0.0000000
10.3918528 0.8163818 0.0031982 0 0.3642448 0.0000000
10.3048442 0.8085027 -0.0101635 0 1.5836122 0.0000000
10.6149902 0.7769091 -0.0169897 0 1.6260200 0.0000000
10.7973077 0.7887309 0.0162581 0 1.4776233 0.0000000
10.7401505 0.8009500 0.0041849 0 0.8624815 0.0000000
11.5958041 0.8143882 0.0527585 0 0.7212289 0.0000000
11.5575833 0.8628700 0.0248132 0 -1.0000000 0.0000000
12.2310530 0.8970518 -0.0189759 0 0.1445311 0.0000000
12.6387216 0.8332145 -0.0452671 0 0.1070185 0.0000000
12.7352322 0.8749191 0.0437233 0 0.1639048 0.0000000
13.0397706 0.8443500 -0.0447092 0 0.1045615 0.0000000
13.4020339 0.8180445 0.0054148 0 0.1020058 0.0000000
13.5611588 0.7822045 -0.0398680 0 0.1022063 0.0049505
13.1875798 0.7630700 -0.0052684 0 0.1887821 0.0000000
12.6209434 0.7968355 0.0373275 0 0.1652520 0.0000000
12.3554362 0.8069755 0.0022747 0 0.6997297 0.0000000
12.0500561 0.8250955 0.0260144 0 1.1113715 0.0000000
11.3246542 0.8993255 0.0826522 0 1.0984428 0.0000000
12.1041230 0.9163418 0.0139359 0 1.5434541 0.0000000
13.0887011 0.9023200 -0.0692364 0 0.3350645 0.0000000
12.2700188 0.8244900 -0.0842891 0 0.4886472 0.0000000
11.9759485 0.7992618 0.0236206 0 0.9220570 0.0000000
12.6518508 0.7809455 0.0628706 0 0.6261993 0.0000000
12.5170769 0.8162927 -0.0460470 1 0.1458473 0.0068493
12.7109396 0.8384409 -0.0203357 0 0.2043390 0.0000000
12.9726724 0.7739855 -0.0276406 0 0.1189659 0.0000000
13.0006679 0.7959245 0.0174356 0 0.1638933 0.0000000
12.8627451 0.8044909 0.0254358 0 0.1758413 0.0000000
13.2002222 0.8970655 0.0496297 0 0.1390084 0.0000000
12.7150295 0.8399300 -0.0333689 0 0.2847543 0.0000000
12.4867716 0.8628227 0.0979100 0 0.2843436 0.0033898
13.4223598 0.8640045 -0.0999345 0 0.2018416 0.0000000
13.7748000 0.7897382 -0.0745195 0 0.0879110 0.0000000
13.9637004 0.7395609 -0.0510281 0 0.1234132 0.0000000
14.4059509 0.7378327 0.0842340 0 0.0931964 0.0000000
14.0038664 0.7804491 -0.0005550 0 0.1901906 0.0000000
13.7547994 0.7818882 0.0283625 0 0.2568303 0.0000000
13.4997678 0.8237491 0.0705887 0 0.3711073 0.0000000
12.6254176 0.9039164 0.0108396 0 0.3191835 0.0000000
14.1094518 0.8431818 -0.1087991 0 0.1957828 0.0000000
13.7504610 0.8674491 0.0791666 0 0.1603317 0.0000000
12.6690926 0.8379582 -0.0392760 0 0.2939425 0.0000000
13.9471711 0.8338673 0.0035263 0 0.3261829 0.0000000
13.0858882 0.8038591 -0.0710233 0 0.3039293 0.0000000
12.0889713 0.7649745 0.0399530 0 0.9222871 0.0000000
11.6681242 0.8192945 0.0164359 0 1.3550600 0.0042017
13.7431882 0.7768155 -0.0627516 0 0.4425816 0.0000000
12.9108643 0.7619273 -0.0022954 1 0.1635670 0.0000000
8.6002467 0.7875973 0.0450722 0 1.2207900 0.0000000
13.4462178 0.8158282 -0.0314667 0 0.4561585 0.0000000
11.9142554 0.7850709 -0.0081039 0 0.8574272 0.0000000
12.4969758 0.7999618 0.0430492 0 1.1425866 0.0000000
13.3875559 0.7884518 0.0030794 0 0.2632814 0.0000000
12.9438705 0.7899136 -0.0237318 0 0.2366484 0.0000000
13.6451006 0.7875973 0.0016075 0 0.2722366 0.0000000
12.9471120 0.8116064 0.0478099 0 0.3344377 0.0000000
12.7432003 0.8531909 0.0262557 0 0.6027482 0.0000000
11.8387483 0.8532109 0.0201000 0 0.6373981 0.0000000
11.2211149 0.8213064 -0.0798048 0 1.7185824 0.0000000
11.2568325 0.8077700 -0.0302735 0 1.9437769 0.0000000
12.5464907 0.7915709 0.0526622 0 0.9911420 0.0000000
11.5312662 0.8218855 0.0030140 0 0.8318727 0.0000000
10.7401505 0.8130482 -0.0202527 0 1.5311193 0.0000000
12.2042059 0.8079982 0.0317517 0 1.4138750 0.0000000
11.4904447 0.8370582 -0.0351781 0 2.2049872 0.0000000
11.8288961 0.8080500 -0.0021491 0 1.7620633 0.0000000
12.0889713 0.7798055 0.0003219 0 0.5158540 0.0000000
12.6561892 0.8276464 0.0733131 0 0.5160264 0.0000000
12.6818316 0.8199909 -0.0526518 0 0.1183094 0.0000000
12.5367819 0.8403018 0.0584849 0 0.2309001 0.0000000
12.5416481 0.8729818 -0.0711178 0 0.1070661 0.0000000
10.6149902 0.8292964 0.0562331 0 0.7122565 0.0000000
12.7511055 0.8866682 0.0548795 0 0.4328248 0.0000000
12.8485605 0.9516673 0.0153477 0 0.0957712 0.0000000
12.8870941 0.9223100 0.0388462 0 0.5690310 0.0000000
11.6911135 0.8763182 -0.1236618 0 0.6024054 0.0059880
11.4904447 0.8389664 0.0214255 1 1.0122993 0.0000000
13.3207928 0.8636000 -0.0117274 0 0.2465619 0.0400000
13.5887944 0.8917845 0.0758780 0 0.1427127 0.0000000
13.0970927 0.9105755 -0.0134978 0 0.1046463 0.0000000
13.9388028 0.8483645 -0.0934291 0 0.2033593 0.0020492
13.9776541 0.8371727 0.0008012 0 0.1334487 0.0019724
14.1294925 0.8217909 -0.0238746 0 0.1191086 0.0000000
14.2988332 0.7877236 -0.0185696 0 0.1630322 0.0018797
14.0564524 0.8001955 0.0279497 0 0.1417653 0.0000000
14.2303787 0.8464636 0.0740747 0 0.1626550 0.0000000
12.3495711 0.8963564 -0.0084959 0 0.5239433 0.0000000
12.1835867 0.8890318 0.0312470 0 1.2279024 0.0019048
12.9695129 0.8897936 -0.0467315 0 0.9001382 0.0090090
13.8933684 0.8912364 0.0503743 0 0.1508482 0.0000000
13.6705391 0.8636109 -0.0928573 0 0.1491095 0.0000000
14.2534293 0.8328645 0.0645144 0 0.1523771 0.0000000
14.5915277 0.9066618 -0.0059217 0 0.0927100 0.0000000
14.6839929 0.8675045 -0.0478646 0 0.0811601 0.0013550
14.4889411 0.8135982 -0.0041523 0 0.2119706 0.0016597
14.8534110 0.8034218 -0.0544649 0 0.2195293 0.0000000
15.0398126 0.7687936 -0.0093314 0 0.0986323 0.0000000
14.4238485 0.7723836 0.0228057 0 0.2656044 0.0000000
11.8189459 0.8162427 0.0401000 1 0.6075150 0.0000000
0.0000000 0.8856436 0.0343050 0 -1.0000000 0.0000000
0.0000000 0.8091027 -0.0492809 0 -1.0000000 0.0000000
13.4122485 0.8995882 0.0788815 0 3.3424753 0.0000000
13.7691262 0.8453855 -0.0507172 0 0.1765405 0.0000000
14.3422648 0.8431609 0.0066879 0 0.1435803 0.0000000
13.4540456 0.8212782 -0.0667348 0 1.3057747 0.0000000
14.1413269 0.8426582 0.0782937 0 0.5810382 0.0000000
13.7719672 0.8526655 -0.0039896 0 0.5566699 0.0000000
14.3005069 0.7931927 -0.0903556 0 0.4937809 0.0000000
14.8437444 0.7857918 0.0211301 0 0.2530942 0.0008104
15.0155690 0.7986218 -0.0065199 0 0.1673160 0.0000000
15.0827880 0.7584000 0.0072131 0 0.1006471 0.0000000
13.5819568 0.7881755 -0.0076197 0 0.7847729 0.0000000
12.7511055 0.7662455 0.0031752 0 0.7561874 0.0000000
13.7402642 0.7948409 -0.0176849 0 1.1577697 0.0000000
14.1510831 0.7872045 0.0500455 0 0.7785450 0.0000000
12.8305421 0.7929118 -0.0616458 0 0.3538027 0.0000000
13.6752376 0.7533755 0.0245625 0 1.2483495 0.0000000
13.2635035 0.7936245 0.0369547 0 1.3606135 0.0000000
14.2150146 0.7793936 -0.0253763 0 0.5300052 0.0000000
13.4598765 0.7819218 0.0065227 0 0.5092443 0.0000000
12.7628473 0.8021309 -0.0032245 0 0.4674051 0.0000000
13.7402642 0.8186982 0.0213734 0 0.1433446 0.0032362
13.3362627 0.7771555 -0.0397947 0 0.3830896 0.0000000
13.7519092 0.7665700 0.0005623 0 0.2570342 0.0000000
13.3979187 0.7779764 0.0095247 0 0.4423720 0.0000000
13.2845077 0.7672155 -0.0150888 0 0.2153979 0.6250000
8.3126260 0.7569109 -0.0059077 0 1.2453530 1.0000000
10.3918528 0.8029809 0.0747827 0 1.8678145 1.0000000
8.8233535 0.7960800 -0.0662295 0 3.1136600 1.0000000
7.9072836 0.7733418 0.0333231 0 4.3465700 0.0000000
8.8233535 0.8169691 0.0108100 0 4.9949367 0.5714290
8.3126260 0.8240245 0.0254952 0 6.2144900 1.0000000
10.5459991 0.8428991 0.0146250 0 7.0251662 0.0000000
11.5832255 0.8618591 0.0127505 0 0.0000000 0.0000000
0.0000000 0.8295045 -0.0490303 0 0.0000000 0.0000000
0.0000000 0.7886245 -0.0574833 3 0.0000000 0.0000000
0.0000000 0.8077855 0.0302924 0 -1.0000000 0.0000000
0.0000000 0.8212900 0.0369419 0 0.0000000 0.0000000
0.0000000 0.8237145 0.0658503 0 0.0000000 0.0000000
0.0000000 0.8945173 0.0226896 0 0.0000000 0.0000000
0.0000000 0.8907336 -0.0401192 0 0.0000000 0.0000000
0.0000000 0.8727145 -0.0279524 3 0.0000000 0.0000000
0.0000000 0.8318400 -0.0328729 0 0.0000000 0.0000000
0.0000000 0.7752773 -0.0584305 0 0.0000000 0.0000000
0.0000000 0.7825009 0.0353630 0 0.0000000 0.0000000
0.0000000 0.8110000 0.0308129 0 -1.0000000 0.0000000
7.2145044 0.8663700 0.0319234 11 0.0000000 0.0000000
0.0000000 0.8318673 -0.0724696 0 0.0000000 0.0000000
0.0000000 0.7695991 -0.0383714 0 0.0000000 0.0000000
0.0000000 0.7724655 0.0894696 0 0.0000000 0.0000000
0.0000000 0.8458273 0.0189948 0 0.0000000 0.0000000
0.0000000 0.8197991 -0.0402752 0 0.0000000 0.0000000
0.0000000 0.8489882 0.0774274 0 0.0000000 0.0000000
0.0000000 0.8965427 0.0178132 0 0.0000000 0.0000000
0.0000000 0.8517973 -0.0946255 0 0.0000000 0.0000000
0.0000000 0.8322873 0.0393103 0 0.0000000 0.0000000
0.0000000 0.8625118 -0.0247850 0 0.0000000 0.0000000
0.0000000 0.8328145 0.0046909 0 0.0000000 0.0000000
0.0000000 0.7768255 -0.0846445 0 0.0000000 0.0000000
0.0000000 0.7473118 -0.0105076 0 0.0000000 0.0000000
0.0000000 0.7635791 0.0451142 0 0.0000000 0.0000000
0.0000000 0.7988555 0.0631857 0 0.0000000 0.0000000
0.0000000 0.8308173 -0.0644255 0 0.0000000 0.0000000
0.0000000 0.7841409 -0.0157902 0 0.0000000 0.0000000
0.0000000 0.7931864 0.0572295 0 0.0000000 0.0000000
0.0000000 0.7773091 -0.0460001 0 0.0000000 0.0000000
0.0000000 0.8116600 0.0494688 0 0.0000000 0.0000000
0.0000000 0.9009536 0.0883292 0 0.0000000 0.0000000
0.0000000 0.8832627 -0.1002045 0 0.0000000 0.0000000
0.0000000 0.7697009 0.0154918 0 0.0000000 0.0000000
0.0000000 0.8606473 0.0268319 0 0.0000000 0.0000000
0.0000000 0.8039809 -0.0553734 0 0.0000000 0.0000000
0.0000000 0.7745745 -0.0190141 0 0.0000000 0.0000000
0.0000000 0.8254382 0.0291904 0 0.0000000 0.0000000
0.0000000 0.7888436 -0.0067301 0 0.0000000 0.0000000
0.0000000 0.7923364 -0.0032478 0 0.0000000 0.0000000
0.0000000 0.8263636 0.0410130 0 0.0000000 0.0000000
0.0000000 0.8246309 -0.0338536 0 0.0000000 0.0000000
0.0000000 0.8011855 -0.0241357 0 0.0000000 0.0000000
0.0000000 0.8044327 0.0206795 0 0.0000000 0.0000000
0.0000000 0.7605309 -0.0617579 0 0.0000000 0.0000000
0.0000000 0.7516773 0.0402408 0 0.0000000 0.0000000
0.0000000 0.7842945 -0.0010448 3 0.0000000 0.0000000
0.0000000 0.7745809 -0.0048508 0 0.0000000 0.0000000
0.0000000 0.8365345 0.0824975 1 0.0000000 0.0000000
0.0000000 1.3636364 0.0000000 0 -1.0000000 0.0000000
0.0000000 1.3636364 0.0000000 0 0.0000000 0.0000000
0.0000000 0.8760955 0.0926400 0 -1.0000000 0.0000000
9.9864491 0.8130582 -0.1390873 0 0.1283179 0.0000000
12.8121930 0.7324600 -0.0084963 0 0.2210820 0.0000000
12.6902349 0.7438873 -0.0028371 0 0.5765101 0.0000000
13.5236879 0.7892982 0.0385577 0 0.4161959 0.0000000
13.0098283 0.7888809 0.0544277 0 0.2730173 0.0000000
12.7550347 0.8461736 0.0050260 0 0.4809657 0.0037594
12.8627451 0.8102709 -0.0655125 0 0.3939952 0.0000000
13.6305018 0.7643836 -0.0096486 0 0.1583146 0.0000000
13.6876601 0.7928991 0.0412574 0 0.1282039 0.0000000
13.8470877 0.7527100 -0.0599757 0 0.1600801 0.0000000
12.4816303 0.7807382 0.0361014 0 0.1520477 0.0000000
12.5703581 0.7804209 -0.0106325 0 0.9261404 0.0000000
12.6209434 0.7758482 -0.0090651 0 0.7458855 0.0000000
12.7511055 0.7668609 -0.0105171 0 0.7024577 0.0000000
12.4448809 0.7722873 0.0385458 0 0.6598238 0.0000000
13.2564029 0.8273327 0.0091815 0 0.5471082 0.0000000
12.8413921 0.7878618 -0.0031113 0 0.5953935 0.0041494
13.3833806 0.7497245 -0.0760790 0 0.1981387 0.0000000
13.2821956 0.7381300 0.0416900 0 0.1504130 0.0000000
13.0745566 0.7941455 0.0600832 0 0.0984456 0.0000000
13.7916307 0.8027827 -0.0558752 0 0.1058868 0.0000000
13.8666323 0.7291918 -0.0189285 0 0.1044470 0.0000000
13.6023310 0.7667155 0.0400641 0 0.2567722 0.0000000
14.3968806 0.7593136 -0.0436753 0 0.1302049 0.0017544
14.6817111 0.7314045 -0.0105875 0 0.1248637 0.0000000
13.9230735 0.7346755 0.0228807 1 0.3364425 0.0038462
13.8679218 0.7508773 -0.0210870 0 0.3782491 0.0000000
13.2868145 0.7625655 0.0332735 0 0.3475722 0.0000000
0.0000000 0.7924845 0.0252956 0 -1.0000000 0.0000000
0.0000000 0.8118518 -0.0091379 0 -1.0000000 0.0000000
13.0830673 0.7958709 0.0030566 0 2.5825037 0.0000000
11.2211149 0.7850055 -0.0101601 0 2.6892893 0.0000000
12.0735864 0.7925436 0.0236444 0 3.2022274 0.0000000
13.1618052 0.7735645 -0.0504161 0 1.2920507 0.0000000
13.1081732 0.7790391 0.0650491 0 0.5711139 0.0000000
13.1353487 0.8161391 -0.0290783 0 0.3662021 0.0081301
12.9695129 0.8011073 0.0079449 0 0.4264764 0.0000000
12.8449827 0.7935718 -0.0125105 0 0.4676614 0.0000000
13.2914122 0.7665100 -0.0115771 0 0.2184515 0.0000000
13.4847581 0.7539727 -0.0507494 0 0.1894641 0.0031949
13.5611588 0.7263982 0.0296979 0 0.1744306 0.0000000
13.6531199 0.7214691 -0.0508466 0 0.1413007 0.0000000
13.7846523 0.6992718 0.0020695 0 0.1497103 0.0000000
13.2728932 0.7010800 -0.0127850 0 0.3073941 0.0044444
13.4081752 0.7078445 0.0076712 0 0.2389863 0.0000000
13.1191322 0.7187845 0.0431787 0 0.3009485 0.0000000
12.9406185 0.7420618 -0.0174249 0 0.3568431 0.0000000
12.7432003 0.7131791 -0.0087077 0 0.3757101 0.0104167
11.9233051 0.7762000 0.1064236 0 0.9785193 0.0000000
12.2177196 0.8130073 -0.0176332 0 0.5642563 0.0000000
13.3536544 0.8086964 0.0054102 0 0.1329464 0.0000000
12.4816303 0.8540955 0.0918545 1 0.4353479 0.0000000
13.4714373 0.8206936 -0.1682364 0 0.1092778 0.0000000
13.7605548 0.7786600 0.0686803 0 0.1379352 0.0000000
12.6164490 0.8280418 0.0170269 0 0.3330157 0.0000000
13.5698772 0.8179645 -0.0185997 0 0.4950883 0.0000000
12.3136392 0.8140400 -0.0108373 0 0.0000000 0.0000000
0.0000000 0.8020709 -0.0017728 0 -1.0000000 0.0000000
10.3048442 0.8325264 0.0940582 0 2.4644237 0.0000000
11.1056036 0.8850045 0.0247808 0 3.0843095 0.0000000
12.8158898 0.8647845 -0.1218564 0 2.5437645 0.0000000
13.2587754 0.8446064 0.0961955 0 0.2881765 0.0000000
13.6434890 0.8661255 -0.0943773 0 0.1161970 0.0000000
14.0061136 0.7688545 -0.0431040 0 0.1137699 0.0033003
13.3600991 0.7705882 0.0200462 0 0.1871574 0.0000000
13.8095498 0.7441582 -0.0315284 0 0.1973783 0.0000000
12.9820916 0.7009836 0.0291808 0 0.2367608 0.0000000
12.3136392 0.7720782 -0.0023240 0 0.8038985 0.0083333
12.5367819 0.7612118 -0.0172699 0 0.7044850 0.0000000
12.6298720 0.7406709 0.0092445 0 0.7786351 0.0000000
12.9275035 0.7506255 0.0204238 0 0.6981111 0.0000000
13.7165595 0.7950973 0.0602444 0 0.1372757 0.0000000
13.6173437 0.8311718 -0.0446117 0 0.2165968 0.0035211
13.5182185 0.8550764 0.0714681 0 0.2085502 0.0000000
13.3163286 0.8208673 -0.0442350 1 0.3726513 0.0039216
13.3185632 0.8468136 0.0743170 0 0.2951077 0.0000000
13.7014534 0.8476818 -0.1162736 0 0.1311198 0.0039448
13.9891352 0.7481255 -0.0255357 0 0.1028331 0.0000000
13.4481805 0.8113673 0.1073482 0 0.3873316 0.0000000
13.9327824 0.8397336 -0.0123429 0 0.1164327 0.0000000
9.7787743 0.8349918 0.0460018 0 0.8412105 0.0000000
10.9026662 0.9110427 -0.0068318 0 2.0503254 0.0000000
10.9979747 0.8106145 -0.1357555 0 2.7544525 0.0000000
13.3362627 0.7596309 0.0428040 0 1.5554152 0.0000000
13.7329167 0.8066927 0.0285806 0 0.2454484 0.0000000
13.7461037 0.8030045 0.0044359 0 0.3755121 0.0000000
11.6796849 0.8514527 0.0022280 0 0.8505866 0.0000000
11.0639316 0.8410973 0.0419004 0 1.8515340 0.0000000
11.4478855 0.8576400 -0.0452048 0 2.3916940 0.0000000
12.9007462 0.7857964 -0.0591955 0 0.1015848 0.0000000
13.3230175 0.7711773 0.0589726 0 0.3218237 0.0034014
13.4885317 0.7798827 -0.0523425 0 0.1825595 0.0000000
13.2516410 0.7967427 0.0648297 0 0.2654578 0.0000000
13.2564029 0.7710509 -0.0721362 0 0.3371899 0.0000000
13.8832673 0.8131755 0.0645730 0 0.1513388 0.0000000
13.4263759 0.7988836 -0.0397402 0 0.3421414 0.0000000
14.1023415 0.7830364 -0.0178203 0 0.1720391 0.0000000
14.0607122 0.7839291 0.0068952 0 0.1366379 0.0019011
14.1134922 0.7770218 -0.0161063 0 0.1048967 0.0000000
14.2177431 0.7565764 0.0036614 0 0.1133175 0.0013550
14.4544185 0.7732518 0.0296585 1 0.0972612 0.0012755
14.6125550 0.7611527 -0.0868837 0 0.1345205 0.0000000
14.5142416 0.7247273 0.0869738 0 0.1451947 0.0000000
13.6386385 0.8011318 -0.0039563 0 0.3785755 0.0000000
12.5120894 0.7550355 -0.0189337 0 1.3300371 0.0032573
13.2775552 0.7417573 -0.0355652 0 0.6495235 0.0000000
0.0000000 0.7347736 -0.0059667 0 -1.0000000 0.0000000
0.0000000 0.7515409 0.0470176 0 -1.0000000 0.0000000
13.0970927 0.7605145 -0.0170400 0 3.4268643 0.0000000
12.7150295 0.7885909 0.0847653 0 2.9872557 0.0000000
12.7471607 0.9061755 0.1533755 0 1.2266770 0.0000000
13.1644128 0.9112082 -0.0281780 0 0.3858484 0.0000000
13.4081752 0.8654573 -0.1627573 0 0.5939884 0.0000000
13.9046115 0.7953736 -0.0183975 0 0.1165729 0.0000000
13.9554699 0.7830327 0.0412713 0 0.0936707 0.0015337
14.4465020 0.8181464 -0.0142696 0 0.0995903 0.0014992
14.3358288 0.7850991 -0.0192497 0 0.1224760 0.0000000
14.2384180 0.7396145 -0.0747968 0 0.2152463 0.0000000
14.4465020 0.6963291 -0.0356787 0 0.1204795 0.0000000
14.7241993 0.6756118 -0.0109455 0 0.1005115 0.0031185
14.7565122 0.6441982 -0.0370036 0 0.1196989 0.0000000
14.3730608 0.6358027 0.0165965 1 0.2124780 0.0000000
12.7471607 0.6558809 0.0191586 0 0.8345589 0.0000000
12.0813084 0.6669000 0.0184392 0 0.8752007 0.0000000
10.9273583 0.7091918 0.1457318 1 2.6789383 0.0000000
11.4478855 0.7896582 -0.0785264 0 3.0586000 0.0000000
12.5170769 0.7871809 0.0546575 0 3.7671985 0.0000000
12.6985683 0.7964091 -0.0035264 0 0.5685119 0.0000000
12.6474935 0.8247718 0.0168951 0 0.5908378 0.0000000
9.1597836 0.8157382 -0.0112641 0 1.4502300 0.0000000
10.6477793 0.7560618 -0.0859621 0 2.5250700 0.0000000
11.8959064 0.7861355 0.0875485 0 3.2454771 0.0000000
12.4341281 0.8038927 0.0079397 0 0.6943842 0.0000000
12.8121930 0.8501391 0.0319693 0 0.3162685 0.0090909
12.6028434 0.8377891 -0.0161761 0 0.3477680 0.0000000
13.4462178 0.8231773 -0.0297323 0 0.2004223 0.0031949
13.6288665 0.8370155 0.0583863 0 0.1044062 0.0000000
14.0128250 0.8638473 0.0156912 1 0.0946605 0.0000000
14.1185198 0.8688500 -0.0313840 0 0.1072236 0.0025316
13.7547994 0.8302118 -0.0510290 0 0.1613558 0.0000000
10.4718932 0.8162945 0.0548750 0 0.4502269 0.0000000
13.2027316 0.8400473 0.0091852 0 0.2233011 0.0022173
14.0890012 0.8129791 -0.0425084 0 0.2083595 0.0000000
14.2267848 0.7823527 -0.0478820 0 0.1006177 0.0000000
14.3374417 0.7627736 0.0054891 0 0.1268832 0.0020534
14.1617061 0.8029273 0.0474201 0 0.1681746 0.0013106
14.5040617 0.8554709 0.0046331 0 0.1090710 0.0015823
14.0712831 0.8144155 -0.0582617 0 0.1966553 0.0000000
14.1265119 0.8718545 0.0925627 0 0.1916959 0.0000000
14.5725997 0.8659655 -0.0244571 0 0.1185008 0.0000000
14.4882484 0.8262382 0.0082006 1 0.1712673 0.0024969
14.3446677 0.8398273 -0.0051772 0 0.1440313 0.0000000
14.3838884 0.7920418 -0.0807525 0 0.2209306 0.0000000
13.9648706 0.7614800 -0.0251252 0 0.2954603 0.0000000
13.1299724 0.7515782 -0.0294477 0 0.5464686 0.0000000
12.9041303 0.7233673 0.0290073 0 0.8900367 0.0000000
13.1696076 0.7265273 -0.0182547 0 0.3963349 0.0038911
13.8933684 0.7253609 0.0004593 0 0.5396291 0.0000000
13.7343905 0.7290809 0.0077870 0 0.1675428 0.0000000
13.7748000 0.7337582 0.0050840 0 0.2495068 0.0028169
13.7329167 0.7425882 0.0166241 0 0.2714479 0.0000000
13.7475582 0.7469255 -0.0053829 0 0.2403733 0.0000000
13.7431882 0.7320800 -0.0425503 0 0.2294394 0.0000000
13.5698772 0.6956182 -0.0067553 0 0.1028080 0.0000000
13.4618126 0.7012045 0.0167725 0 0.2480652 0.0000000
13.8601598 0.7311164 0.0328779 0 0.1780293 0.0020704
14.0161639 0.7422155 0.0019965 0 0.0988841 0.0000000
13.7446470 0.7578109 0.0070977 0 0.2387470 0.0000000
13.7180576 0.7819300 0.0197661 1 0.2451745 0.0000000
13.0830673 0.7699255 -0.0179193 0 0.4822763 0.0067114
13.6579007 0.7773391 0.0156280 0 0.3618673 0.0000000
13.3207928 0.7701145 -0.0410194 0 0.2120390 0.0000000
13.6922791 0.7374500 0.0109143 0 0.2351123 0.0027548
13.6799142 0.7412591 0.0342005 0 0.1826086 0.0000000
14.2604162 0.7554745 -0.0039918 0 0.1095330 0.0000000
14.1929143 0.7966800 0.0186763 0 0.1308165 0.0000000
13.6907418 0.7833309 0.0029664 0 0.1849133 0.0000000
14.0228084 0.7815873 -0.0048160 0 0.2403742 0.0000000
13.8284949 0.7885409 0.0167542 0 0.2601978 0.0000000
13.8190672 0.8307109 0.0225444 0 0.2826894 0.0025126
13.8845356 0.8744282 0.0646047 0 0.1507837 0.0000000
13.2635035 0.8307200 -0.0940218 0 0.2487533 0.0000000
13.3770847 0.8055600 0.0610598 0 0.3654074 0.0000000
13.9033685 0.8606882 -0.0110221 0 0.0970574 0.0000000
14.1530230 0.8272573 -0.0105912 0 0.1176181 0.0020284
13.9255096 0.8545836 0.0336910 1 0.1901577 0.0000000
14.4282733 0.9135445 0.0900367 0 0.1955433 0.0025094
14.4059509 0.8903109 -0.1512409 0 0.1228710 0.0000000
13.4363460 0.7593945 -0.0719243 0 0.4861217 0.0018315
14.0765270 0.7529918 0.0604725 0 0.2850863 0.0000000
14.6137783 0.7906518 -0.0315010 0 0.1681422 0.0000000
13.1850320 0.7345109 -0.0361915 0 0.4136201 0.0000000
12.8836518 0.7362609 0.0252994 0 0.7371243 0.0000000
12.8047580 0.7929955 0.0262325 0 1.0875985 0.0000000
12.1766181 0.7564600 -0.0319633 0 0.4751442 0.0000000
11.3726629 0.7571000 -0.0430401 0 0.5770775 0.0000000
12.1835867 0.7751664 0.0685436 0 1.5641056 0.0052632
13.1054146 0.8065355 0.0216957 0 1.9067579 0.0000000
12.7231596 0.8100618 0.0188834 0 0.5817453 0.0000000
13.9315739 0.8155727 -0.0249751 0 0.3231588 0.0000000
13.8431325 0.7989127 0.0186199 0 0.1142602 0.0000000
13.8122783 0.7720091 -0.0650600 1 0.1235350 0.0031847
13.3958547 0.7818364 0.0874360 0 0.2511522 0.0000000
13.0688423 0.8201182 -0.0666191 0 0.5084992 0.0000000
12.1554160 0.7939473 0.0365836 0 1.0563758 0.0000000
9.5164270 0.7875555 -0.0192614 0 1.7255300 0.0000000
12.2951772 0.7810873 0.0016891 0 2.1816553 0.0060241
12.3436714 0.8094936 0.0532204 0 0.3465493 0.0000000
12.0965758 0.8008445 -0.0431255 0 0.8823652 0.0000000
7.2145044 0.7728818 -0.0122392 0 -1.0000000 0.0106383
12.4011582 0.8082618 0.0680076 0 1.9094317 0.0000000
12.2244085 0.8583527 0.0424046 0 1.1501379 0.0000000
12.8047580 0.8694573 -0.1192564 0 0.9093768 0.0156250
11.9928980 0.8727082 0.1238782 0 1.1789247 0.0000000
11.4904447 0.8613900 -0.0516357 0 1.5702333 0.0000000
12.5703581 0.8118636 -0.0431863 0 1.8808891 0.0000000
12.8556780 0.7998436 0.0224029 0 0.3241572 0.0000000
12.7231596 0.8144645 -0.0180977 0 0.1109265 0.0000000
12.8010197 0.7967536 -0.0344759 0 0.1980968 0.0000000
11.6326178 0.7925209 -0.0079675 0 0.4421687 0.0000000
9.7787743 0.7730418 0.0033041 0 1.6348875 0.0000000
12.9789617 0.7589455 -0.0110683 0 0.7649650 0.0000000
12.0177954 0.7548100 -0.0083257 0 0.5838577 0.0000000
11.9587068 0.7800673 0.0588663 0 0.6883449 0.0000000
11.9411626 0.8265827 -0.0117745 0 0.7641743 0.0000000
11.2027660 0.8605545 0.0834695 0 -1.0000000 0.0000000
10.6149902 0.8647936 -0.0312053 0 1.7018536 0.0000000
11.9844592 0.8288855 -0.1166800 0 1.5709983 0.0000000
12.3554362 0.7804518 0.0763262 0 0.2153095 0.0000000
13.0427161 0.8392982 0.0366838 0 0.1804483 0.0000000
12.8592178 0.8370091 -0.0275806 0 0.1820453 0.0000000
12.4067292 0.8345755 0.0554838 1 0.4390531 0.0000000
12.3955560 0.9085636 0.0433872 0 0.3270618 0.0000000
12.5269779 0.9173327 0.0197382 0 0.2833741 0.0000000
12.4555192 0.8279191 -0.1609418 0 0.2245127 0.0000000
12.6733570 0.7494627 -0.0537462 0 0.2430326 0.0000000
13.2658592 0.7727564 0.1169955 0 0.1793713 0.0000000
13.1696076 0.8331909 -0.0296985 0 0.1316365 0.0000000
11.6082266 0.8122027 -0.0213337 0 0.5751682 0.0000000
11.6681242 0.7608991 -0.0089118 0 0.4232541 0.0070422
11.9673648 0.8093709 0.0844105 0 0.3380786 0.0000000
13.3406391 0.8615355 -0.0460958 0 0.2313327 0.0000000
13.0802385 0.8208000 0.1177555 0 0.1000962 0.0000000
12.4712675 0.8924127 -0.0648049 0 0.2901133 0.0000000
12.9007462 0.8140700 -0.1009582 0 0.2437792 0.0000000
13.2347934 0.7670836 0.0149901 0 0.1177837 0.0000000
13.3707489 0.8212182 0.0054830 0 0.1955170 0.0000000
13.7930205 0.8337645 0.0719512 0 0.0969194 0.0045147
13.8756240 0.8078527 -0.1001736 0 0.1260485 0.0000000
13.5558910 0.7963427 0.0267705 0 0.2413279 0.0000000
13.4263759 0.7713836 -0.0168901 0 0.3069133 0.0021930
14.0660117 0.7794491 0.0618902 0 0.1608424 0.0000000
13.5938921 0.8317673 -0.0278121 0 0.1662575 0.0000000
13.0998744 0.8229436 0.0218883 0 0.3691423 0.0000000
12.9883221 0.8513909 0.0216107 0 0.6706354 0.0097087
13.0158889 0.8325927 -0.0139875 0 0.5473490 0.0000000
13.5698772 0.8540591 0.0610005 111 0.1567263 0.0000000
13.1696076 0.8413991 -0.0495850 0 0.3396285 0.0000000
12.8195731 0.8568882 0.0191995 0 0.2608913 0.0000000
12.4341281 0.8292773 -0.0510474 0 0.9847165 0.0000000
10.7401505 0.7876309 -0.0210316 0 1.8017075 0.0000000
10.3048442 0.7839791 -0.0295633 0 2.6995650 0.0000000
10.8247061 0.7681327 0.0017774 0 2.9293325 0.0000000
10.9514555 0.7910091 0.0483409 0 4.0210718 0.0000000
10.8247061 0.8016955 -0.0389372 0 4.0936121 0.0000000
10.3048442 0.7859955 0.0290676 0 4.0568140 0.0000000
11.0849847 0.7577091 -0.0823186 0 3.9186343 0.0000000
11.5958041 0.7317536 -0.0069151 0 3.3842640 0.0000000
11.0849847 0.7198309 0.0064863 0 1.5754121 0.0000000
11.6326178 0.7271673 0.0200501 0 0.6982553 0.0000000
11.3081251 0.7623927 0.0086736 0 1.7054128 0.0000000
11.2568325 0.7727855 0.0211378 0 2.2639150 0.0000000
11.1650262 0.7857045 0.0619674 0 2.2229572 0.0000000
11.0849847 0.7946991 -0.0437435 0 1.8653313 0.0000000
11.7355649 0.7941391 0.0205255 0 1.5888007 0.0000000
11.5178434 0.8353709 -0.0120130 0 1.1270763 0.0000000
12.1041230 0.7868764 0.0015551 0 0.3655072 0.0000000
12.3136392 0.7744418 -0.0418095 0 0.1351443 0.0000000
12.6776032 0.8114682 0.0397516 0 0.1180825 0.0000000
12.9373558 0.7777000 -0.0618498 0 0.1092549 0.0000000
13.2728932 0.7475673 0.0179510 0 0.1048872 0.0000000
13.3999784 0.7557136 0.0374456 0 0.1238167 0.0000000
13.0397706 0.7807336 -0.0217226 0 0.2446727 0.0000000
13.3362627 0.7358291 -0.0415820 0 0.2552847 0.0000000
13.3449964 0.7517436 0.0370358 0 0.2106957 0.0000000
13.3707489 0.7775064 0.0398191 0 0.1864480 0.0000000
13.4885317 0.8201173 0.0038127 0 0.1476491 0.3970590
12.0889713 0.8495755 0.1413182 0 0.3372837 1.0000000
11.2027660 0.9139264 -0.0731838 0 1.5198035 1.0000000
9.8528782 0.8761018 0.0267720 0 0.0000000 1.0000000
0.0000000 0.8656064 -0.0512870 0 0.0000000 0.0000000
0.0000000 0.8452400 -0.0147279 0 0.0000000 0.0000000
0.0000000 0.8124755 -0.0293011 0 0.0000000 0.0000000
0.0000000 0.8092718 0.0239426 0 0.0000000 1.0000000
0.0000000 0.8995209 0.1271536 0 0.0000000 0.0000000
0.0000000 1.0046473 0.0162838 0 0.0000000 0.0000000
0.0000000 0.8712618 -0.1630973 0 0.0000000 0.0000000
0.0000000 0.7654873 -0.0191042 3 0.0000000 0.0000000
0.0000000 0.8277327 -0.0004037 0 0.0000000 0.0000000
0.0000000 0.8019209 0.0033699 0 0.0000000 0.0000000
0.0000000 0.7560391 -0.0486419 0 0.0000000 0.0000000
0.0000000 0.8355355 0.1310282 1 -1.0000000 0.0000000
12.0965758 0.8923709 -0.0339915 0 0.2963413 0.0000000
12.1264286 0.8675000 0.0169466 0 0.8489470 0.0188679
11.2742240 0.8438836 -0.0064285 0 0.5673309 0.0000000
0.0000000 0.8088918 -0.0677315 0 -1.0000000 0.0000000
0.0000000 0.7595827 -0.0727343 0 -1.0000000 0.0000000
11.7570709 0.7238100 0.0109579 0 3.3782900 0.0000000
0.0000000 0.7675664 0.0515355 0 -1.0000000 0.0000000
11.5958041 0.8666618 0.0915000 0 1.7107914 0.0000000
10.2095374 0.8355918 -0.0768360 0 1.8206829 0.0000000
10.5096324 0.8637791 0.1033291 0 2.4136875 0.0000000
9.4110747 0.8510618 -0.0931373 0 2.7786200 0.0000000
9.6987363 0.7915900 -0.0110763 0 3.7782950 0.0000000
8.8233535 0.8018445 0.0039508 0 4.7415000 0.0000000
8.3126260 0.8074445 -0.0109177 0 6.0227350 0.0000000
7.9072836 0.7550191 -0.0250478 0 0.0000000 0.0000000
0.0000000 0.7456782 -0.0183122 0 -1.0000000 0.0000000
8.6002467 0.7525009 0.0194987 0 8.5786350 0.0000000
8.8233535 0.7832355 0.0330349 0 9.5588600 0.0000000
8.8233535 0.7957355 -0.0164345 0 10.3883250 0.0000000
8.6002467 0.7781891 -0.0029509 0 10.8820000 0.0000000
8.3126260 0.7706945 -0.0083355 1 11.5501000 0.0000000
9.0056505 0.7970773 0.0508830 0 12.7854667 0.0000000
9.6117305 0.8118136 -0.0038772 0 13.1772667 0.0000000
9.2933019 0.7868800 -0.0568707 0 14.3136500 0.0000000
9.9864031 0.7531555 0.0015481 0 14.7804000 0.0000000
9.8528782 0.7630464 0.0333687 0 0.4011220 0.0000000
9.4110747 0.7900418 0.0466110 0 1.3826063 0.0000000
8.3126260 0.8166418 -0.0502686 0 0.0000000 0.0000000
0.0000000 0.7781291 -0.0354602 0 -1.0000000 0.0000000
9.5164270 0.7190418 -0.0092372 0 4.5989840 0.0000000
9.6987363 0.7319118 0.0302858 0 5.2472017 0.0000000
9.6987363 0.7386645 -0.0473135 0 5.9214375 0.0000000
9.2933019 0.7596991 0.0485999 0 7.2085000 0.0000000
8.6002467 0.7830927 0.0273057 0 8.7342200 0.0000000
9.1597836 0.8207082 0.0666829 0 9.1347200 0.0000000
9.6117305 0.8414055 -0.0759068 0 9.7624729 0.0000000
9.6987363 0.8067709 -0.0054809 0 9.3276500 0.0000000
9.6987363 0.8275945 0.0787605 0 7.3627100 0.0000000
9.4110747 0.8559300 -0.0373218 0 7.4758600 0.0000000
10.6477793 0.7858873 -0.0364807 0 5.1765893 0.0000000
10.3492945 0.7868091 0.0375027 0 0.1506389 0.0000000
10.6149902 0.8505155 0.0452788 0 1.1464670 0.0000000
10.7973077 0.8192718 -0.1096627 0 1.9885289 0.0000000
10.3918528 0.7864473 0.0353118 0 2.3505725 0.0000000
9.8528782 0.8550900 0.0528874 0 2.6429000 0.0000000
10.5096324 0.8052473 -0.1021355 0 2.2015528 0.0000000
9.9218676 0.7560227 -0.0214769 0 0.2469200 0.0000000
9.6117305 0.7257164 -0.0049341 0 1.1044659 0.0000000
10.7401505 0.7281473 0.0081297 0 0.0000000 0.0000000
0.0000000 0.7770936 0.0579755 1 -1.0000000 0.0000000
9.2933019 0.7656900 -0.0359911 0 1.8632487 0.0000000
8.3126260 0.7540873 -0.0019358 0 2.6416467 0.0000000
8.6002467 0.7564736 0.0219150 0 3.0828075 0.0000000
9.4110747 0.8213091 0.0546905 0 4.0375900 0.0000000
10.3918528 0.8305764 -0.0080687 0 0.4025015 0.0000000
10.3492945 0.8238645 0.0121635 0 1.0811000 0.0000000
10.5459991 0.8357891 0.0192049 0 0.1615810 0.0000000
10.3492945 0.8174436 -0.0399168 0 0.2080710 0.0000000
10.3492945 0.7777445 -0.0529401 0 0.1732560 0.0000000
10.5096324 0.7634918 0.0415618 0 0.4877233 0.0000000
10.3918528 0.7942655 0.0149527 0 0.1822270 0.0000000
10.4326736 0.7940982 -0.0174757 0 0.3553465 0.0000000
10.3918528 0.8200164 0.0465821 0 -1.0000000 0.0000000
10.3492945 0.8641527 0.0179489 0 0.1731000 0.0000000
10.3918528 0.8585873 0.0502034 0 0.3427955 0.0000000
10.3918528 0.8811445 -0.0525460 0 0.3976205 0.0000000
10.3492945 0.8561418 -0.0341369 0 0.5089150 0.0000000
10.4718932 0.8305764 0.0230374 0 0.5450770 0.0000000
10.5096324 0.8728782 0.0432971 0 0.6035610 0.0000000
10.3918528 0.8306464 -0.1109136 0 -1.0000000 0.0000000
10.5459991 0.7901155 -0.0286045 0 0.3807320 0.0000000
10.3048442 0.7828073 0.0789031 0 -1.0000000 0.0000000
10.4326736 0.8253682 -0.0039939 0 0.3548910 0.0476190
10.3492945 0.8564582 0.0665973 1 0.1660680 0.0000000
10.4718932 0.8768282 -0.0932527 0 0.2192708 0.0000000
10.1041810 0.8528373 0.0952836 0 0.5241113 0.0000000
10.6149902 0.8616464 -0.0795229 0 0.2887360 0.0000000
10.1582460 0.8074882 -0.0005882 0 1.2949000 0.0000000
11.8088956 0.8382873 0.0523181 0 0.1015248 0.0000000
10.7401505 0.8457118 -0.1278209 0 1.0733650 0.0000000
12.5936691 0.7928655 0.0480915 0 0.0995480 0.0000000
12.5797478 0.8169818 0.0996091 0 0.2008272 0.0000000
12.3728278 0.8563991 -0.0554557 0 0.2820572 0.0000000
11.1056036 0.8316909 -0.0030917 0 0.4676896 0.0000000
10.8247061 0.8041291 -0.0556775 0 1.0910044 0.0000000
11.4904447 0.8107555 0.0645515 0 1.3413038 0.0000000
10.7973077 0.8262464 -0.0002436 0 0.5526430 0.0000000
11.4034342 0.7748255 -0.0665973 0 1.3943360 0.0000000
11.9142554 0.7866009 -0.0133641 0 0.5194136 0.0000000
12.6902349 0.8323173 0.0613809 0 0.2045146 0.0000000
13.0688423 0.8179955 -0.0141905 0 0.1295863 0.0000000
12.5318919 0.8014918 -0.0070021 0 0.1691243 0.0000000
12.1905071 0.7624727 -0.0801127 0 0.6899227 0.0000000
12.0340558 0.6884600 -0.0221707 0 0.6572663 0.0000000
12.8697627 0.6862291 -0.0127730 0 0.3448065 0.0000000
12.7667307 0.7354145 0.0487909 0 0.2210892 0.0000000
12.1116136 0.7332018 -0.0106138 0 0.7400566 0.0000000
10.5096324 0.8036655 0.0443951 0 0.8319517 0.0000000
7.2145044 0.7994727 0.0057763 1 2.7367200 0.0000000
9.1597836 0.7701036 -0.0137901 0 3.2529600 0.0000000
7.9072836 0.7604355 0.0191763 0 0.0000000 0.0000000
0.0000000 0.7931964 0.0570090 0 -1.0000000 0.0000000
8.8233535 0.8608055 0.0610625 0 6.2288300 0.0000000
10.9026662 0.9042882 -0.0500495 0 6.5780683 0.0000000
11.6204965 0.8798218 -0.0100714 0 1.8219430 0.0000000
12.6073992 0.8333736 -0.0228212 0 0.4948004 0.0000000
12.9340825 0.8433655 0.0188330 0 0.1611938 0.0000000
12.9599739 0.8942682 0.0647635 0 0.1997544 0.0000000
13.2635035 0.8830309 -0.0082698 0 0.1451569 0.0000000
13.3812863 0.8586564 -0.0555195 0 0.1144183 0.0000000
13.0630952 0.7916936 -0.0411432 0 0.1210376 0.0000000
13.7358622 0.7914791 0.0007196 0 0.1463856 0.0019763
14.0848604 0.7655664 -0.0553830 0 -1.0000000 0.0000000
13.5819568 0.7635400 0.0762261 0 0.3921058 0.0000000
13.2225833 0.8082673 -0.0059542 0 0.4572514 0.0000000
13.7519092 0.8030436 0.0155258 0 0.3727628 0.0000000
13.0830673 0.8193636 0.0218020 0 0.2711120 0.0000000
12.3197182 0.8718127 0.0490963 0 1.3555194 0.0000000
12.4287081 0.8384464 -0.0525885 0 0.9948797 0.0000000
12.4918867 0.8779545 0.0201873 0 0.9522158 0.0067568
12.9883221 0.8507391 -0.0177718 0 0.5651227 0.0000000
13.8870672 0.8897764 0.0691956 0 0.1000560 0.0000000
13.7957945 0.8240527 -0.1238964 0 0.1050011 0.0000000
14.0217041 0.8478536 0.0395669 0 0.1835189 0.0000000
13.6658184 0.8344818 0.0084454 0 0.4619194 0.0000000
12.9945141 0.8209673 -0.0332633 0 0.8387798 0.0000000
13.0858882 0.7962364 -0.0020745 0 0.4990018 0.0000000
13.5989639 0.8200200 0.0486398 1 0.4423433 0.0000000
13.2611422 0.9107709 0.0758775 0 0.4933223 0.0000000
11.9233051 0.8627618 -0.0335756 0 0.8068625 0.0000000
11.8485044 0.8695164 -0.0542265 0 1.7929412 0.0000000
13.5327377 0.8230182 -0.0344285 0 0.8004777 0.0000000
13.6626589 0.8049827 0.0239885 0 0.1707005 0.0000000
12.5367819 0.8691064 0.0818765 0 0.2040178 0.0000000
12.6298720 0.8781091 -0.1062600 0 0.6882804 0.0000000
11.4904447 0.7900591 0.0124396 0 1.0903495 0.0000000
10.9979747 0.8343500 -0.0011512 0 2.1476882 0.0000000
10.7691374 0.8052945 -0.0043009 0 2.9312677 0.0000000
11.4622741 0.8221373 0.0155791 0 3.4741300 0.0000000
11.0424257 0.8608891 -0.0021076 0 4.1633814 0.0000000
10.7973077 0.8126682 -0.0045986 0 4.1046787 0.0000000
10.6795272 0.8111600 -0.0097865 0 4.3951575 0.0000000
10.4326736 0.8447873 0.0135951 0 4.6377550 0.0000000
10.9026662 0.8187318 0.0359174 0 4.8596450 0.0000000
11.0424257 0.9004264 -0.0160597 0 5.7384773 0.0000000
12.1264286 0.8704573 0.0547428 0 3.5786943 0.0000000
11.7884869 0.8339336 -0.0615277 0 0.4108661 0.0000000
10.9514555 0.8127927 -0.0163167 0 1.1047720 0.0000000
11.6326178 0.8070891 0.0036216 0 2.4557300 0.0000000
10.6477793 0.8544609 0.0257021 0 2.9464033 0.0000000
10.1041810 0.8255282 -0.0579755 0 3.8994540 0.0000000
10.5459991 0.7673664 -0.0420221 0 5.4061200 0.0000000
11.4764586 0.7860491 0.0722471 1 5.6960988 0.0000000
12.3728278 0.8834945 0.0975882 0 0.4022150 0.0000000
12.0500561 0.8267955 -0.0822490 0 0.4723872 0.0000000
10.3048442 0.8863273 0.0296880 0 0.5285660 0.0000000
10.5459991 0.8329818 -0.0707020 0 1.6425625 0.0000000
11.0849847 0.7962873 0.0757093 0 1.7102142 0.0000000
8.8233535 0.9007136 0.0622872 0 0.5299075 0.0000000
9.8528782 0.9116755 -0.0664968 0 1.6917200 0.0000000
11.8189459 0.8516309 -0.0592257 0 0.7355281 0.0000000
10.8773488 0.7902418 -0.0381685 0 0.7423543 0.0000000
12.4712675 0.7767891 0.0330675 0 0.4108982 0.0000000
12.3670642 0.7701573 -0.0111019 0 0.2753240 0.0000000
12.5608793 0.8705500 0.1306036 0 0.1350019 0.0000000
11.5312662 0.8751982 -0.0478943 0 0.6426396 0.0000000
12.5703581 0.8313045 -0.0685655 0 0.3472496 0.0095238
12.2889467 0.8119464 0.0529325 0 0.3237891 0.0000000
13.0128632 0.8676009 0.0553369 0 0.1194305 0.0000000
12.8485605 0.8324182 -0.1506255 0 0.1245433 0.0000000
12.0259587 0.7766182 0.0497722 0 0.6858509 0.0000000
12.0095649 0.8420782 -0.0227054 0 0.7951021 0.0000000
13.0717036 0.8343818 0.0586541 0 0.2767504 0.0000000
13.1486645 0.8507427 0.0061711 0 0.2230850 0.0000000
12.5367819 0.8146800 -0.0347340 0 0.4966395 0.0000000
12.9758220 0.7815982 -0.0328470 0 0.2485524 0.0000000
13.1054146 0.8002227 0.0663274 0 0.3026627 0.0000000
12.9535636 0.8581864 -0.0053092 0 0.2426033 0.0000000
12.3554362 0.8246691 -0.0360133 0 0.4066683 0.0000000
12.6298720 0.8045900 0.0069326 0 0.2795703 0.0000000
12.3728278 0.8288127 0.0078142 0 0.5243997 0.0000000
13.3140889 0.8413627 0.0081633 1 0.1654795 0.0000000
12.6209434 0.8653627 0.0500460 0 0.3732539 0.0000000
11.8485044 0.8038845 -0.1151818 0 0.8184943 0.1392410
9.1597836 0.7735345 0.0307290 11 -1.0000000 0.7878790
11.5832255 0.7931564 0.0222916 0 0.9445225 0.0147059
12.6209434 0.8538736 0.0428346 3 0.1323069 1.0000000
11.1258060 0.8487382 -0.0326612 0 0.3843673 0.4000000
9.1597836 0.7823782 -0.0590972 0 1.0664077 1.0000000
7.9072836 0.8207845 0.0981391 0 0.0000000 0.0000000
0.0000000 0.8257391 -0.0702907 0 -1.0000000 0.0000000
12.1905071 0.8231591 0.0195455 0 0.1046317 0.0000000
11.5178434 0.8495155 0.0597966 0 0.4309433 0.0000000
11.7135862 0.8967509 -0.0014603 0 0.9440143 0.0000000
