12.8870916 0.7832109 0.1626473 0 0.1785848 0.0026882
13.7677028 0.8259273 -0.1248864 0 0.1944440 0.0000000
14.0457227 0.7323845 -0.0041385 0 0.2221756 0.0000000
14.0004861 0.7564145 0.0021643 1 0.1291907 0.0000000
13.1406963 0.6939673 -0.0830775 0 0.3831202 0.0000000
13.1299724 0.7771864 0.1591955 11 1.0905685 0.0000000
12.7027091 0.8078864 -0.0199778 0 0.5773510 0.0000000
10.5810895 0.7615645 -0.0265202 0 1.4226595 0.0000000
11.8189459 0.7512364 -0.0319887 0 2.3434570 0.0000000
10.6477793 0.7857064 0.0498374 0 3.0872300 0.0000000
10.6149902 0.7946455 -0.0302144 0 4.2298525 0.0000000
10.8513738 0.7716464 0.0393953 0 5.0596794 0.0000000
11.3409146 0.8111291 0.0018914 0 4.2477659 0.0000000
11.2027660 0.7868709 -0.0201050 0 4.6372795 0.0000000
11.2742240 0.7707127 -0.0137286 0 4.6528547 0.0000000
11.5445113 0.7658936 0.0870015 0 0.4350236 0.0000000
10.8247061 0.7885500 -0.0259880 0 1.3098850 0.0000000
10.5096324 0.7950109 -0.0085339 0 2.1706700 0.0000000
11.1840741 0.7804773 -0.0424568 0 3.6131983 0.0000000
11.2027660 0.8025245 0.0497021 0 4.2715644 0.0000000
11.5704866 0.8461100 -0.0132035 0 5.1012007 0.0000000
11.6082266 0.8604355 0.0365726 0 5.3023158 0.0000000
10.5459991 0.8278209 -0.1022282 0 5.1804675 0.0000000
11.5445113 0.8086918 0.0640750 0 4.8991743 0.0000000
12.1410273 0.8395618 0.0597143 0 1.5461929 0.0000000
11.5312662 0.8546618 -0.0188290 0 1.1722933 0.0000000
11.2211149 0.8609718 -0.0065467 0 1.7565100 0.2205880
10.6149902 0.8309818 -0.0253478 0 0.4187916 1.0000000
10.8247061 0.8300000 0.0040697 11111 1.1035520 1.0000000
9.7787743 0.8378500 -0.0065552 0 0.0000000 1.0000000
0.0000000 0.8238391 0.0481893 0 -1.0000000 1.0000000
7.2145044 0.8451627 -0.0519753 0 -1.0000000 1.0000000
8.6002467 0.8205436 0.0051910 0 4.7809800 1.0000000
7.9072836 0.8536264 0.0630495 0 0.0000000 0.0000000
0.0000000 0.8765373 0.0183145 0 -1.0000000 1.0000000
8.6002467 0.9015564 0.0146267 0 8.0293450 1.0000000
7.2145044 0.8818245 -0.0815241 0 9.4344600 1.0000000
9.0056505 0.8396782 0.0051760 0 10.1218633 0.0000000
7.9072836 0.8046627 -0.0329569 0 12.0222000 0.0000000
7.2145044 0.8279309 0.0192921 0 -1.0000000 0.0000000
7.2145044 0.7929127 -0.0671494 0 13.6589000 0.0000000
8.6002467 0.7512718 -0.0294238 0 14.3596500 0.0000000
9.6117305 0.7418682 0.0079462 0 0.0000000 0.0000000
0.0000000 0.7606136 0.0542076 0 -1.0000000 0.0000000
7.2145044 0.7990300 0.0048865 0 0.0000000 0.0000000
0.0000000 0.8086727 0.0749244 0 -1.0000000 0.0000000
7.9072836 0.8696482 -0.0141765 0 0.0000000 0.0000000
0.0000000 0.8502936 -0.0264038 0 0.0000000 0.0000000
0.0000000 0.8191455 0.0198576 0 0.0000000 0.0000000
0.0000000 0.8570727 0.0353699 0 0.0000000 0.0000000
0.0000000 0.9087782 -0.0023720 0 0.0000000 0.0000000
0.0000000 0.8469145 -0.0354058 0 0.0000000 0.0000000
0.0000000 0.8717373 -0.0085229 0 0.0000000 0.0000000
0.0000000 0.8907318 0.0430165 0 0.0000000 0.0000000
0.0000000 0.8432745 -0.0754907 0 0.0000000 0.0000000
0.0000000 0.7892155 -0.1150373 0 0.0000000 0.0000000
0.0000000 0.6502527 -0.0563751 0 0.0000000 0.0000000
0.0000000 0.6248264 -0.0235573 0 0.0000000 0.0000000
0.0000000 0.6122936 0.1090100 0 0.0000000 0.0000000
0.0000000 0.8271409 0.0758361 3 0.0000000 0.0000000
0.0000000 0.7951955 -0.0051268 1 0.0000000 0.0000000
0.0000000 0.7020073 -0.1391909 0 0.0000000 0.0000000
0.0000000 0.6935255 0.0690007 0 0.0000000 0.0000000
0.0000000 0.7909827 0.1174327 0 0.0000000 0.0000000
0.0000000 0.8043527 -0.0601417 0 0.0000000 0.0000000
0.0000000 0.8021582 0.0921809 0 0.0000000 0.0000000
0.0000000 0.8865536 -0.0105661 0 0.0000000 0.0000000
0.0000000 0.8065182 -0.1063864 0 0.0000000 0.0000000
0.0000000 0.7348164 -0.0386084 0 0.0000000 0.0000000
0.0000000 0.7360600 0.0237721 3 0.0000000 0.0000000
0.0000000 0.7147527 -0.0527925 0 0.0000000 0.0000000
0.0000000 0.6776791 -0.0043869 0 0.0000000 0.0000000
0.0000000 0.7162664 0.0599195 0 0.0000000 0.0000000
0.0000000 0.7590082 0.0229570 0 0.0000000 0.0000000
0.0000000 0.8019555 0.1092045 0 0.0000000 0.0000000
0.0000000 0.8827736 -0.0253498 3 0.0000000 0.0000000
0.0000000 0.8645400 0.0551193 0 -1.0000000 0.0000000
0.0000000 0.8567836 -0.0548433 0 -1.0000000 0.0000000
11.5575833 0.7749873 -0.0740506 0 0.1336765 0.0000000
11.6564282 0.7554027 -0.0197948 0 0.1472962 0.0000000
11.0639316 0.7420864 0.0152562 0 0.2878837 0.0000000
10.6477793 0.7699418 0.0050232 0 1.0950550 0.0000000
10.5459991 0.8026645 0.0357136 0 0.5774265 0.0000000
10.1041810 0.8016164 -0.0215625 0 1.5885200 0.0000000
10.8513738 0.7894664 0.0157237 0 1.5585346 0.0000000
10.9979747 0.7977109 -0.0132465 0 0.7775915 0.0000000
11.6564282 0.7485691 -0.0433792 0 0.5449914 0.0000000
12.4232585 0.7404291 0.0060895 0 0.1066092 0.0000000
12.1835867 0.7574155 0.0078094 0 0.1567206 0.0000000
11.6445939 0.7552664 -0.0070643 0 0.5567584 0.0000000
11.2913182 0.7500927 -0.0178396 0 0.6208838 0.0000000
11.4478855 0.7568145 -0.0055650 0 0.1379390 0.0000000
12.5269779 0.7377745 -0.0130984 0 0.1967164 0.0000000
12.6902349 0.7264027 -0.0011340 0 0.1228080 0.0000000
11.4904447 0.7267455 0.0226627 1 0.2487982 0.0000000
10.4718932 0.7412891 -0.0404905 0 1.6101733 0.0000000
10.3918528 0.7623391 0.0325848 0 1.8791500 0.0000000
10.5810895 0.7580209 0.0258839 0 2.3055800 0.0000000
9.7787743 0.7440864 -0.0432923 0 2.6077950 0.0000000
11.2211149 0.7323536 0.0162796 0 1.8467109 0.0000000
11.0204472 0.7136445 -0.0515051 0 0.6850402 0.0000000
11.2211149 0.7130227 0.0523769 0 1.2789294 0.0000000
11.9051229 0.7388500 -0.0299965 0 0.5174724 0.0000000
11.8772143 0.6935818 0.0053753 0 0.2939912 0.0000000
11.3881669 0.7105191 0.0222698 0 0.1696542 0.0000000
11.1056036 0.7515582 0.0366469 0 1.4223687 0.0000000
11.0639316 0.7672073 -0.0398476 0 0.5898796 0.0000000
12.0420879 0.7542036 0.0181732 0 0.2986614 0.0000000
12.4177790 0.7417582 -0.0162331 0 0.2525255 0.0000000
12.6119343 0.7044318 -0.0132569 0 0.1026089 0.0000000
12.8413921 0.7915973 0.1254364 0 0.1870800 0.0000000
12.9503430 0.8379718 -0.0989309 0 0.2378582 0.0046296
12.8973506 0.8431536 0.0607669 0 0.1962335 0.0000000
13.5016282 0.7341673 -0.1038136 0 0.1498859 0.0000000
13.3428201 0.6719727 -0.0289621 0 0.2269206 0.0000000
12.8158898 0.7283127 0.1344518 0 0.3198702 0.0000000
11.8772143 0.8252827 0.0188057 0 0.7740373 0.0000000
13.2102222 0.8230191 -0.0493383 0 0.3059782 0.0024510
13.8958778 0.7569636 -0.0305998 0 0.1130810 0.0000000
13.6968768 0.7454982 0.0455322 1 0.1980948 0.0000000
12.1337546 0.7746773 -0.0629042 0 0.6215079 0.0000000
11.2027660 0.6946427 -0.0140574 0 1.4905223 0.0000000
10.9273583 0.7693936 0.0775830 0 3.1317600 0.0000000
9.4110747 0.8090745 0.0792868 0 3.4759400 0.0000000
9.6117305 0.8649791 0.0076839 0 5.0021700 0.0000000
11.5832255 0.8772282 -0.0439958 0 5.1437724 0.0000000
11.7781242 0.7912945 -0.0477107 0 4.0683082 0.0000000
12.0889713 0.7571482 -0.0404866 0 1.7015496 0.0000000
11.6796849 0.7599382 0.0448113 0 1.6195656 0.0000000
10.4326736 0.8009764 -0.0051639 0 2.2694200 0.0000000
11.4332868 0.8010064 0.0071958 0 2.4059550 0.0000000
12.1482475 0.8155318 0.0540247 0 0.4132557 0.0000000
12.7312242 0.8610964 0.0374094 0 1.3550550 0.0000000
12.6902349 0.8606273 -0.0462355 0 1.4314050 0.0046512
13.1486645 0.8073700 -0.0654448 0 0.9087596 0.0000000
11.5704866 0.7844745 -0.0232940 0 1.1986142 0.0000000
13.2914122 0.7504836 0.0192956 0 0.9015664 0.0000000
12.6209434 0.7743500 -0.0380025 0 1.2822723 0.0000000
12.4448809 0.7386027 -0.0055142 0 0.6621665 0.0000000
12.0012662 0.7147355 0.0019859 0 0.9668713 0.0000000
11.5042378 0.7355200 0.0354051 0 1.2174173 0.0000000
11.6564282 0.7694891 0.0219474 0 1.2573254 0.0000000
11.9759485 0.8193945 0.0509647 0 0.6114955 0.0000000
12.4867716 0.8227509 -0.0299185 0 0.2076397 0.0000000
12.5120894 0.8029218 0.0080791 0 0.2195087 0.0000000
12.3495711 0.8140473 0.0028077 0 0.3991026 0.0000000
12.4341281 0.8035082 -0.0208197 0 0.3393227 0.0000000
12.7628473 0.8128827 -0.0076392 0 0.1704486 0.0000000
12.4764623 0.7917145 0.0336476 0 0.2340286 0.0000000
12.6343066 0.8378818 0.0555290 1 0.1546718 0.0000000
12.6733570 0.8405973 -0.0881914 0 0.1497670 0.0000000
9.5164270 0.8180791 0.0528291 0 0.8460410 0.0000000
9.2933019 0.8889509 0.0396165 0 2.1585625 0.0000000
9.8528782 0.8357355 -0.1086455 0 2.7576620 0.0000000
11.0849847 0.7617036 0.0032992 0 2.5501270 0.0000000
11.9759485 0.7994364 0.0166253 0 0.1921562 0.0000000
12.6254176 0.7772764 -0.0643017 0 0.2674747 0.0000000
12.8697627 0.7589800 0.0874147 0 0.1320943 0.0068027
13.1977064 0.8537555 0.0008301 0 0.0971252 0.0000000
13.5558910 0.8283973 -0.0324710 0 0.1004893 0.0000000
13.2396361 0.7729518 -0.0420915 0 0.1962067 0.0000000
13.2682094 0.7465527 0.0451200 0 0.2847226 0.0000000
12.2571982 0.8117755 -0.0253575 0 0.6241168 0.0000000
13.0659729 0.7787791 0.0019653 0 0.3303113 0.0000000
13.8807260 0.7386009 -0.0251550 1 0.0973248 0.0000000
13.9834111 0.7567145 0.0224581 0 0.0996356 0.0000000
13.1747755 0.7469373 -0.0774163 0 0.3241624 0.0127796
14.2222742 0.7052264 0.0498745 0 0.1119761 0.0000000
14.1423068 0.7409564 0.0231152 0 0.1150808 0.0037951
13.7762134 0.7680327 0.0251121 0 0.1855386 0.0000000
13.2728932 0.7622664 -0.0273322 0 0.4147599 0.0041494
13.4809703 0.7583800 0.0099411 0 0.2804593 0.0000000
14.4067031 0.7663500 -0.0073147 0 0.0953891 0.0000000
14.5546043 0.7753782 0.0277413 0 0.0972831 0.0012225
14.6626848 0.7740418 0.0183448 0 0.0935445 0.0000000
14.5610685 0.7737173 -0.0514733 0 0.2281211 0.0000000
13.6767989 0.7773391 0.0223334 0 0.5983002 0.0030395
12.8767313 0.8283582 0.0681825 0 0.3461180 0.0000000
13.6370165 0.8378400 -0.0011047 0 0.7668614 0.0000000
14.6679098 0.8243645 0.0536917 0 0.2275094 0.0000000
14.6986990 0.8838500 -0.0384800 0 0.1178259 0.0000000
14.7929367 0.8044418 -0.0947173 0 0.1000783 0.0011050
14.2569289 0.7607945 -0.0022737 0 0.1057405 0.0000000
13.4081752 0.7379636 -0.0493270 1 -1.0000000 0.0024096
12.9631636 0.7245027 -0.0056231 0 -1.0000000 0.0000000
0.0000000 0.7006082 -0.0038530 0 -1.0000000 0.0000000
0.0000000 0.7485036 0.0948018 0 -1.0000000 0.0000000
13.2372177 0.8406400 0.0769472 0 2.2530021 0.0000000
13.5236879 0.8331900 -0.0758522 0 0.3352802 0.0000000
13.8457711 0.7802127 -0.0398385 0 0.6158615 0.0000000
13.8692096 0.7559864 -0.0384130 0 0.1074968 0.0021008
14.0670682 0.7375491 0.0326467 0 0.1453035 0.0000000
14.0250135 0.7326555 -0.0211897 0 0.1869631 0.0000000
14.1520535 0.7243336 -0.0049557 0 0.1448539 0.0000000
13.9857047 0.7337664 0.0069988 0 0.1388482 0.0000000
14.3800349 0.7674227 0.0345544 0 0.2033030 0.0000000
13.3274521 0.8053764 0.0170136 0 0.3492630 0.0000000
13.6106992 0.8160609 0.0289134 0 0.3789380 0.0031348
13.5716119 0.8215200 -0.0162129 0 0.2461101 0.0000000
13.9206315 0.7540445 -0.0507578 0 0.1835019 0.0016026
14.2904227 0.7681373 0.0047916 1 0.0938623 0.0033223
13.2937032 0.7307109 -0.0190279 0 0.1765118 0.0000000
13.7105444 0.7368409 -0.0099096 0 0.4650901 0.0000000
13.8921113 0.7127109 -0.0442914 0 0.2613093 0.0019231
14.1722174 0.6958464 0.0246696 0 0.1545392 0.0017212
14.1364129 0.7378464 0.0448715 0 0.1202038 0.0000000
14.2785280 0.7830773 0.0522428 0 0.1663523 0.0000000
14.4868614 0.7919627 0.0012941 0 0.2769225 0.0011050
14.7109759 0.8244236 0.0317395 0 0.0933587 0.0000000
14.8883861 0.8386209 -0.0040717 0 0.0921359 0.0000000
15.1468483 0.8538509 0.0219958 0 0.0947437 0.0009756
15.1628601 0.8257855 -0.0405076 0 0.1447856 0.0000000
15.0754957 0.7639291 -0.0621119 0 0.1695865 0.0011161
14.9965759 0.7370673 -0.0140847 0 0.1666497 0.0000000
14.7633779 0.7160027 -0.0514082 1 0.3190316 0.4178080
13.1380261 0.7266936 0.0820015 1 0.5802008 1.0000000
12.9175532 0.7744155 0.0147856 0 1.3647188 1.0000000
9.9218676 0.7725436 -0.0053642 0 0.0000000 0.0000000
0.0000000 0.8055700 0.0628142 3 0.0000000 0.0000000
0.0000000 0.8447164 0.0600005 0 0.0000000 0.0000000
0.0000000 0.8874800 -0.0000839 0 -1.0000000 0.0000000
7.2145044 0.8887582 -0.0436646 0 1.9607900 0.0000000
9.0056505 0.8840291 0.0347702 0 0.9466430 0.0000000
9.5164270 0.8718509 -0.0486948 0 1.7849300 0.0000000
9.1597836 0.8409345 -0.0133717 0 2.9525567 0.0000000
8.8233535 0.8093127 -0.0212453 0 3.7222000 0.0000000
9.0056505 0.7789945 -0.0447901 0 4.5274800 0.0000000
9.0056505 0.7704818 0.0026955 0 5.6234750 0.0000000
8.3126260 0.7718173 -0.0052557 0 7.1216400 0.0000000
8.8233535 0.7531800 0.0028628 0 8.5455150 0.0000000
7.2145044 0.7913982 0.0632294 1 -1.0000000 0.0000000
7.9072836 0.8289200 0.0247230 0 10.9587000 0.0000000
7.2145044 0.8806409 0.0146117 0 -1.0000000 0.0000000
7.2145044 0.8968845 0.0106350 0 -1.0000000 0.0000000
8.8233535 0.9097627 -0.0257256 0 12.8852000 0.0000000
9.6117305 0.8858664 -0.0004559 0 13.7282500 0.0000000
10.1582460 0.8383736 0.0052554 0 14.4846429 0.0000000
9.6987363 0.8574936 -0.0120053 0 14.9281000 0.0000000
0.0000000 0.8068264 -0.0629337 0 -1.0000000 0.0000000
0.0000000 0.7832355 -0.0130153 0 -1.0000000 0.0000000
0.0000000 0.8463891 0.1185845 0 -1.0000000 0.0000000
0.0000000 0.8437800 -0.0359572 0 -1.0000000 0.0000000
0.0000000 0.8417136 0.0138288 0 -1.0000000 0.0000000
13.4501393 0.8672645 0.0166795 0 0.0839568 0.0000000
13.0887011 0.8625864 -0.0216041 0 0.3308482 0.0000000
13.1109242 0.8651273 -0.0150049 0 1.2295673 0.0000000
12.9820916 0.8133218 0.0379311 0 0.4903849 0.0000000
13.2845077 0.9037745 0.0518923 0 0.1959215 0.0000000
13.0717036 0.8553573 -0.0793822 0 0.2310143 0.0000000
13.3274521 0.8403291 -0.0065326 0 0.1540914 0.0000000
12.3436714 0.8365991 0.0182372 1 0.4929915 0.0000000
12.0813084 0.8444309 0.0025458 0 0.5709327 0.0000000
11.9844592 0.8542291 -0.0265895 0 1.3780192 0.0000000
13.2372177 0.8235955 -0.0196257 0 0.2439408 0.0000000
13.3274521 0.8232664 -0.0066580 0 0.1694951 0.0000000
12.4764623 0.8007064 -0.0143651 0 0.3930749 0.0000000
12.5367819 0.8000945 0.0073973 0 0.5477535 0.0000000
12.6254176 0.7958609 -0.0276019 0 0.4631651 0.0000000
12.5513099 0.7878491 0.0014318 0 0.3890292 0.0000000
12.2571982 0.7897800 0.0407150 0 0.3321955 0.0000000
12.0340558 0.8012236 -0.0332573 0 0.4480823 0.0000000
11.8485044 0.7866945 0.0323834 0 0.5234938 0.0000000
12.4918867 0.7735700 -0.0293901 0 0.3247414 0.0000000
12.8010197 0.7716327 -0.0158781 0 0.0911660 0.0000000
13.1406963 0.7693709 -0.0110620 0 0.0980324 0.0000000
13.2372177 0.8028882 0.0795597 0 0.1738371 0.0000000
13.5819568 0.9298691 0.1699164 0 0.1029663 0.0038314
13.3854704 0.9598609 -0.1487391 0 0.1707728 0.0000000
13.8190672 0.8399818 -0.0454174 0 0.1099854 0.0000000
14.0294091 0.8027945 -0.0176480 0 0.1073398 0.0000000
13.5218681 0.7962091 -0.0318778 0 0.2745037 0.0000000
12.3197182 0.7939900 0.0329527 0 0.6391837 0.0000000
13.0774016 0.8110027 0.0233176 0 0.4929591 0.0000000
13.3449964 0.8070691 -0.0215332 1 0.3838113 0.0000000
12.8939434 0.8141773 0.0066248 0 0.5010314 0.0000000
11.3881669 0.8075882 -0.0116653 0 0.9997058 0.0000000
13.0887011 0.7907682 0.0047826 0 0.3618661 0.0000000
13.2151850 0.7807700 -0.0315687 0 0.1719230 0.0000000
13.0368164 0.7875136 0.0424821 0 0.2499366 0.0047847
13.0943034 0.8476600 0.0335805 0 0.2139078 0.0000000
13.1721949 0.8357882 0.0025772 0 0.1838778 0.0000000
13.1460154 0.8394500 -0.0521071 0 0.1834956 0.0000000
13.1951844 0.8220182 0.0927082 0 0.1627320 0.0000000
13.4847581 0.8789936 0.0131392 0 0.1481981 0.0024096
13.9255096 0.8451336 -0.0927864 0 0.0878189 0.0000000
14.1481662 0.8087055 -0.0001893 0 0.1080307 0.0022676
13.9132696 0.8156391 -0.0230411 0 0.1522619 0.0032362
13.2127067 0.7716409 0.0104085 0 0.2454191 0.0000000
13.2635035 0.7991645 -0.0180590 0 0.1950832 0.0000000
13.2658592 0.7731864 0.0198836 0 0.3940055 0.0049261
13.2982694 0.7785473 0.0270558 0 0.2250606 0.0000000
13.0830673 0.8786545 0.0793315 0 0.1949678 0.0000000
13.5488239 0.9008945 -0.0186723 0 0.1781715 0.0000000
13.9095681 0.8517064 -0.0207001 0 -1.0000000 0.0000000
14.1835597 0.7934818 -0.0995364 0 0.1118035 0.0000000
13.8497158 0.7957591 0.0964664 0 0.2374564 0.0000000
12.8973506 0.8262918 -0.0569590 0 0.3927004 0.0000000
12.1554160 0.8410482 0.0611362 1 1.3994563 0.0000000
12.1116136 0.8655155 0.0320719 0 1.4927543 0.0000000
13.6255878 0.8709155 -0.0038715 0 0.6201057 0.0017953
14.2177431 0.8612073 -0.0197800 0 0.0944031 0.0000000
14.2285833 0.8681264 -0.0245220 0 0.1592181 0.0031104
14.3470649 0.8248527 -0.0000825 0 0.1294273 0.0000000
13.6547160 0.8039600 -0.0707727 0 0.2749819 0.0000000
13.5541289 0.7801909 0.0218375 0 0.2854351 0.0000000
13.1136677 0.7934055 0.0265887 0 0.3612880 0.0000000
12.6431172 0.7975455 -0.0350136 0 0.7345380 0.0000000
12.1190485 0.7937473 -0.0126492 0 0.7608312 0.0000000
12.4969758 0.7941700 -0.0161318 0 0.7129169 0.0000000
12.5936691 0.8283391 0.0502267 0 0.7839374 0.0000000
13.1380261 0.8127491 -0.0380774 0 0.4105911 0.0000000
13.4403064 0.8344536 0.0767005 0 0.1220478 0.0000000
13.6673945 0.8607245 -0.0141311 0 0.1069368 0.0024814
13.7902389 0.8723064 -0.0151035 0 0.1234247 0.0000000
13.8109150 0.8577536 0.0580525 0 0.1770956 0.0000000
13.9730244 0.8854973 0.0190174 0 0.1573445 0.0000000
14.0004861 0.8967364 0.0127631 0 0.1851832 0.0000000
14.2159249 0.8852936 -0.0080094 0 0.1224189 0.0000000
14.1074254 0.8945636 -0.0195931 0 0.1627087 0.0000000
14.0061136 0.8674918 0.0102591 0 0.1755281 0.0000000
14.1344405 0.8345982 -0.0740270 0 0.1960468 0.0000000
12.9438705 0.8414064 0.0007380 0 0.2817361 0.0037879
13.3362627 0.8264364 0.0209466 0 0.3223260 0.0117647
10.6795272 0.8624173 0.0281196 0 2.0468871 0.0000000
0.0000000 0.8608755 -0.0108043 1 -1.0000000 0.0756972
13.1591908 0.8738909 0.0258697 0 0.3189261 0.0000000
13.9542885 0.9467464 0.0299855 0 0.3040242 0.0000000
14.2384180 0.8870245 -0.0674456 0 0.1169414 0.0000000
14.1144997 0.8426136 -0.0136828 0 0.1809185 0.0000000
13.7269995 0.8520918 0.0434970 0 0.2983783 0.0036630
14.2921105 0.9004400 0.0270904 0 0.1990960 0.0000000
14.5422061 0.8879400 -0.0035264 0 0.0950726 0.0009940
14.7511987 0.8836891 0.0043034 0 0.1121217 0.0000000
14.3660377 0.8965891 -0.0387284 0 0.2595578 0.0000000
14.4594239 0.8499418 -0.0783655 0 0.2562742 0.0000000
14.2131914 0.8188955 0.0300432 0 0.3151934 0.0042735
14.0094749 0.8115773 -0.0278658 0 0.2903241 0.0000000
13.2821956 0.8002355 0.0156245 0 0.5672574 0.0000000
12.5269779 0.8194527 0.0168987 0 0.5419487 0.0000000
13.5870894 0.8710236 0.0729218 0 0.5398484 0.0019724
14.2141034 0.9154027 -0.0160020 0 0.1797944 0.0023641
13.9554699 0.9168673 0.0535025 0 0.0917141 0.0000000
14.5216416 0.9013818 -0.0853721 0 0.0975425 0.0010111
14.7431752 0.8581718 0.0062531 0 0.0980299 0.0010695
14.7115304 0.8267991 -0.0490105 0 0.1749330 0.0014368
14.3581761 0.8256873 0.0478120 0 0.2403846 0.0014992
14.3660377 0.8186545 -0.0586837 0 0.2641927 0.0000000
13.7120516 0.8359245 0.0520825 0 0.4216943 0.0000000
13.3999784 0.8554827 0.0177369 0 0.5636943 0.0000000
13.6610753 0.8577073 -0.0404109 0 0.5065577 0.0000000
13.6721077 0.8536836 0.0381477 0 0.3289185 0.0000000
13.5127189 0.8387873 0.0036612 0 0.2346557 0.0000000
13.9948268 0.8510136 -0.0206545 0 0.0881724 0.0000000
13.5399191 0.8385309 -0.0215673 0 0.2247509 0.0000000
12.3785585 0.8265682 -0.0072036 0 0.3827710 0.0000000
13.4163053 0.8191445 -0.0059501 1 0.3763697 0.0000000
11.5704866 0.7757882 -0.0341098 0 0.4729402 0.0000000
9.0056505 0.7523700 -0.0460852 0 -1.0000000 0.0000000
8.6002467 0.7900345 0.0429434 0 0.0000000 0.0000000
0.0000000 0.7560855 -0.0452845 0 -1.0000000 0.0000000
8.6002467 0.7675782 0.0857476 0 5.1065000 0.0000000
7.2145044 0.7933973 -0.0374975 0 -1.0000000 0.0000000
8.8233535 0.7659773 -0.0064538 0 6.9586733 0.0000000
9.1597836 0.8130427 -0.0041685 0 7.9798900 0.0000000
7.9072836 0.7916727 0.0195658 0 8.8699100 0.0000000
7.9072836 0.8291845 0.0424902 0 9.9804000 0.0000000
9.0056505 0.8294500 -0.0159014 0 10.8588333 0.0000000
9.6987363 0.7896900 -0.0162977 0 11.6512250 0.0000000
9.2933019 0.7653291 -0.0652372 0 12.8317000 0.0000000
9.6117305 0.7446509 0.1073164 0 14.1265000 0.0000000
8.8233535 0.8298382 -0.0761053 0 14.5538000 0.0000000
7.9072836 0.8250027 0.0636949 0 15.9525000 0.0000000
8.8233535 0.8184027 -0.0317216 0 16.5404500 0.0000000
9.7787743 0.7938773 -0.0073631 0 17.5569667 0.0000000
8.6002467 0.8285064 0.0761138 1 18.7561000 0.0000000
8.8233535 0.8711909 -0.0056401 0 20.1343000 0.0000000
9.6987363 0.8862027 0.0659892 0 20.8132000 0.0000000
8.3126260 0.9617309 0.0482181 0 22.3655000 0.0000000
7.2145044 0.9205209 -0.1038427 0 24.0002000 0.0000000
7.2145044 0.8069736 -0.0790298 0 -1.0000000 0.0000000
8.6002467 0.7892155 -0.0177531 0 24.9199500 0.0000000
7.9072836 0.7539927 -0.0398635 11 25.4400000 0.0000000
7.9072836 0.6393418 -0.1624636 1 26.8587000 0.0000000
11.3409146 0.5569682 -0.0292115 0 27.5929684 0.4062500
11.6326178 0.5755873 0.1479682 0 3.3011600 1.0000000
10.6149902 0.7232773 0.0357645 3 0.0000000 0.0000000
0.0000000 0.7284682 -0.0050098 0 -1.0000000 0.0000000
0.0000000 0.7249073 0.0387296 1 -1.0000000 0.1846150
0.0000000 0.7705164 0.0332514 0 -1.0000000 0.1168830
0.0000000 0.8075873 0.0166513 1 -1.0000000 0.0000000
0.0000000 0.7720536 -0.0576878 0 -1.0000000 0.0000000
0.0000000 0.7996027 0.0206618 0 -1.0000000 0.0000000
9.0056505 0.7606818 -0.0264047 1 3.9190600 0.0000000
10.6149902 0.7549482 0.0008844 0 4.5673195 0.0000000
10.3492945 0.7635482 0.0183787 1 5.2895862 0.0000000
12.0658043 0.7883273 0.0213533 0 5.8778706 0.0000000
9.0056505 0.7585409 -0.0180159 11 5.1933200 0.0000000
10.7691374 0.7140791 -0.0528810 0 4.7016750 0.0000000
12.3075230 0.7473709 0.0585081 0 5.0608487 0.0000000
0.0000000 0.7569100 -0.0193162 0 -1.0000000 0.0000000
12.9945141 0.8038936 0.0431959 0 0.8098868 0.0000000
12.5020391 0.7480627 -0.1020964 0 0.1250498 0.0046948
13.1977064 0.7508245 0.1251000 0 0.1029903 0.0000000
12.8697627 0.8438700 0.0493985 0 0.1522801 0.0000000
13.2420486 0.8220309 -0.0825898 0 0.1380296 0.0000000
13.0485812 0.7835318 0.0170821 0 0.3030740 0.0000000
13.4656736 0.8228173 0.0334225 0 0.1635527 0.0000000
13.1901211 0.8445091 0.0123017 0 0.1762558 0.0000000
13.6156867 0.8226055 -0.0959809 0 0.1732111 0.0024272
13.9400026 0.8230809 0.0123217 0 0.0979223 0.0019380
14.1432858 0.8182582 0.0890166 0 0.0985611 0.0014577
14.3761664 0.8567691 -0.0361452 0 0.0963701 0.0000000
14.1617061 0.7879355 -0.0598833 0 0.1852724 0.0000000
13.9519217 0.7328727 -0.0459247 0 0.3129134 0.0000000
13.1721949 0.7403273 0.0345824 0 0.3167752 0.0000000
12.8121930 0.8168364 0.0669388 0 1.2337588 0.0000000
12.1410273 0.8400964 -0.0485887 1 1.5719223 0.0032787
14.3038458 0.7481218 -0.0603505 0 0.2832479 0.0000000
14.5604239 0.7162218 0.0055868 0 0.1513531 0.0000000
14.4385223 0.7166564 -0.0387424 0 0.2038847 0.0020450
14.1510831 0.6850827 0.0404715 0 0.1577845 0.0000000
14.6862695 0.7338018 0.0155645 0 0.1596418 0.0000000
14.4231091 0.7308482 -0.0479414 0 0.1855116 0.0000000
14.0607122 0.6837227 0.0250873 0 0.3261774 0.0000000
14.2113650 0.7239736 0.0481444 0 0.3008941 0.0000000
13.6056867 0.8334864 0.1155382 0 0.6170183 0.0000000
14.2122786 0.7978864 -0.1347118 0 0.3272883 0.0000000
13.9507361 0.7461373 0.0185320 0 0.1727089 0.0000000
13.9788081 0.7532018 -0.0319002 0 0.1055826 0.0024038
13.9822624 0.7682764 0.0924809 0 0.1488041 0.0000000
14.7137453 0.8283982 0.0551985 0 0.0830615 0.0009050
14.8767065 0.8364555 -0.0738482 0 0.1013403 0.0012516
14.3676027 0.7973936 0.0040238 0 0.1367649 0.0000000
14.2321708 0.7667900 -0.0190239 1 0.3684106 0.0298507
13.4223598 0.7672155 0.0104179 0 0.6474609 0.0000000
14.3406597 0.8857627 0.0936527 0 0.3700702 0.0013459
14.7181603 0.8322627 -0.0718237 0 0.1856124 0.0000000
14.9172277 0.8190809 0.0355026 0 0.1050878 0.0000000
13.8026958 0.8433045 -0.0522768 0 0.2387604 0.0000000
15.2651095 0.8404018 0.0735205 0 0.1030675 0.0000000
15.1410929 0.8425755 -0.0535040 0 0.1412843 0.0010616
15.0426031 0.8149645 0.0229102 0 0.2197835 0.0000000
15.0919239 0.7835018 -0.1010955 0 0.2406674 0.0009588
15.2392849 0.7599727 0.0752308 0 0.1149443 0.0000000
13.1824778 0.7847291 -0.0756938 0 -1.0000000 0.0020576
14.5209711 0.7036045 -0.0352895 0 0.3580022 0.0000000
14.0607122 0.7648000 0.0561248 0 0.8999329 0.0000000
14.2578018 0.7247855 -0.0387220 0 0.5170931 0.0000000
14.1919827 0.7134600 0.0051819 0 0.3060714 0.0000000
13.9637004 0.7319209 0.0163331 1 0.3342180 0.0000000
13.4102139 0.7331655 0.0050417 0 0.8619925 0.0000000
14.2525525 0.7655300 0.0961809 0 0.2574031 0.0020920
14.1255163 0.8670755 0.0610451 0 0.2772097 0.0000000
14.3573865 0.8223536 -0.0877459 0 0.1434078 0.0018416
14.1769590 0.7837400 -0.0577931 0 0.0987480 0.0010929
14.6137783 0.7521855 -0.0074082 0 0.1023054 0.0000000
13.8484026 0.8366700 0.1601600 0 0.4058087 0.0023256
14.0239116 0.8291045 -0.0497416 0 0.4446134 0.0013850
14.2499174 0.9047155 -0.0651868 0 0.3077053 0.0000000
14.8615547 0.7497082 -0.0770561 0 0.1422732 0.0009699
14.7231040 0.7350527 0.0132669 0 0.0978400 0.0011614
14.7501326 0.7324636 0.0138450 0 0.1333374 0.0008842
14.9430643 0.7190627 -0.0627694 0 0.0978228 0.0000000
14.9172277 0.7172100 0.0252477 0 0.1740175 0.0000000
14.2058654 0.7324482 0.0374083 0 0.2232166 0.0000000
13.9388028 0.6959891 -0.0861865 0 0.2612278 0.0000000
13.1353487 0.6708118 0.0432575 0 0.8041206 0.0000000
13.2635035 0.7241282 0.0194429 0 0.9088519 0.0000000
13.4343599 0.7204773 0.0479020 0 0.8476499 0.0000000
13.2705540 0.8349764 0.0612756 1 0.9277511 0.0000000
12.9275035 0.7601464 -0.0991136 0 0.9339148 0.0000000
14.3285384 0.8384418 0.1773045 0 0.1322122 0.0000000
14.5203002 0.8749991 -0.0987427 0 0.1139710 0.0010010
14.8000650 0.7703618 -0.0464382 0 0.0977422 0.0025316
14.7209098 0.7486718 -0.0182381 0 0.1028613 0.0000000
14.2946368 0.7416291 0.0020839 0 0.4486052 0.0000000
13.9707016 0.8009264 0.0896424 0 0.4887111 0.0000000
13.6658184 0.8275909 -0.0316283 0 0.6281432 0.0000000
13.9879930 0.7669664 -0.0290293 0 0.4393687 0.0000000
12.6119343 0.8279982 0.1240618 0 0.5520051 0.0048544
13.8679218 0.8672500 -0.0685180 0 0.9092661 0.0000000
13.1539415 0.7988573 -0.0804482 0 0.9069664 0.0000000
8.8233535 0.7337382 -0.0315464 0 1.2752800 0.0000000
14.3046787 0.7191018 -0.0280575 0 0.8741111 0.0000000
13.9033685 0.7176200 0.0380568 0 0.2880586 0.0000000
11.9499732 0.7551064 0.0475768 0 0.8246165 0.0019157
14.2578018 0.8174191 0.0289452 0 0.1386275 0.0000000
14.2946368 0.7669145 -0.1087455 0 0.1373136 0.0000000
14.4501082 0.7412227 0.1078136 0 0.1123723 0.0020284
13.9423978 0.8632000 0.0713802 0 0.1621688 0.0017007
14.3366356 0.8416818 -0.0839490 0 0.1858756 0.0010438
14.7076426 0.7697691 -0.0461806 0 0.1074893 0.0000000
13.9578284 0.7233918 -0.0267149 0 0.3989429 0.0000000
14.2472754 0.7023845 -0.0298878 0 0.3727797 0.0000000
13.6658184 0.6594355 -0.0628232 0 0.1780664 0.0000000
14.0038664 0.6310100 -0.0161003 0 0.2631461 0.0000000
13.3812863 0.6230655 0.0042779 0 0.6022303 0.0000000
13.2250373 0.6193255 0.2051082 1 0.5378690 0.0838710
13.5594060 0.8201873 0.0593934 0 0.3672599 0.8461540
11.9499732 0.8849909 -0.0014363 0 0.8176205 0.0000000
12.1041230 0.8578055 0.0794213 0 0.1575004 0.0000000
12.7392242 0.8857009 -0.1042591 0 0.2553545 0.0000000
13.6767989 0.8203564 0.0196521 0 0.2065604 0.0017065
14.1919827 0.8516582 -0.0401473 0 0.1282429 0.0000000
14.0500284 0.8833100 0.0584209 0 0.1040872 0.0000000
13.1136677 0.8161455 -0.1317055 0 0.3538481 0.0000000
14.1626662 0.7392836 -0.0169884 0 0.2647302 0.0000000
12.6119343 0.7704027 0.0430554 0 0.3029499 0.0000000
11.8387483 0.7777027 -0.0374601 0 -1.0000000 0.0000000
12.0259587 0.7498800 0.0020797 0 -1.0000000 0.0000000
0.0000000 0.7706473 0.0629169 0 0.0000000 0.0000000
0.0000000 0.7903100 0.0081786 0 0.0000000 0.0000000
0.0000000 0.8181445 0.0188808 0 -1.0000000 0.0000000
0.0000000 0.7898527 -0.0908379 0 0.0000000 0.0000000
0.0000000 0.8248573 0.0983109 1 0.0000000 0.0000000
0.0000000 0.8299300 0.0058263 0 0.0000000 0.0000000
0.0000000 0.8277836 -0.0043870 0 0.0000000 0.0000000
0.0000000 0.8253182 0.0381346 0 0.0000000 0.0000000
0.0000000 0.8425018 -0.0645317 3 0.0000000 0.0000000
0.0000000 0.8653309 0.0123164 0 -1.0000000 0.0000000
0.0000000 0.8281509 -0.0298215 0 0.0000000 0.0000000
0.0000000 0.8215645 0.0167140 0 0.0000000 0.0000000
0.0000000 0.7799664 -0.0755205 0 0.0000000 0.0000000
0.0000000 0.7996264 0.1086500 0 0.0000000 0.0000000
0.0000000 0.8610727 0.0020704 0 0.0000000 0.0000000
0.0000000 0.8581691 -0.0066122 0 0.0000000 0.0000000
0.0000000 0.8338782 -0.0229465 0 0.0000000 0.0000000
0.0000000 0.8336136 0.0047272 3 0.0000000 0.0000000
0.0000000 0.8015936 -0.0552205 0 0.0000000 0.0000000
0.0000000 0.7773709 -0.0043556 0 0.0000000 0.0000000
0.0000000 0.7764245 0.0290730 31 0.0000000 0.0000000
0.0000000 0.8574091 0.1051400 0 -1.0000000 0.0000000
0.0000000 0.8950709 -0.0542982 0 0.0000000 0.0000000
0.0000000 0.8629427 0.0815321 0 0.0000000 0.0000000
0.0000000 0.9380345 0.0015051 0 0.0000000 0.0000000
0.0000000 0.9068918 -0.0661583 0 0.0000000 0.0000000
0.0000000 0.8452545 -0.0490749 0 0.0000000 0.0000000
0.0000000 0.7983555 -0.0309308 0 0.0000000 0.0000000
0.0000000 0.7949300 0.0284030 0 0.0000000 0.0000000
0.0000000 0.8199873 0.0156783 0 0.0000000 0.0000000
0.0000000 0.8615264 0.0003720 3 0.0000000 0.0000000
0.0000000 0.8158509 -0.0551215 0 0.0000000 0.0000000
0.0000000 0.7769255 -0.0067722 0 0.0000000 0.0000000
0.0000000 0.8100736 0.0236147 0 0.0000000 0.0000000
0.0000000 0.8152609 0.0433397 0 0.0000000 0.0000000
0.0000000 0.8716736 0.0600006 0 0.0000000 0.0000000
0.0000000 0.8769227 -0.0800491 0 0.0000000 0.0000000
0.0000000 0.8065691 -0.0277443 0 0.0000000 0.0000000
0.0000000 0.8910600 0.1882691 0 0.0000000 0.0000000
0.0000000 0.9491055 -0.0649909 0 0.0000000 0.0000000
0.0000000 0.8923782 -0.0495389 0 0.0000000 0.0000000
0.0000000 0.8281891 -0.0737328 0 0.0000000 0.0000000
0.0000000 0.7883236 -0.0287808 0 0.0000000 0.0000000
0.0000000 0.7711182 0.0188124 0 0.0000000 0.0000000
0.0000000 0.8056945 0.0445326 0 0.0000000 0.0000000
0.0000000 0.8336445 0.0171800 0 0.0000000 0.0000000
0.0000000 0.8367927 -0.0379535 0 0.0000000 0.0000000
0.0000000 1.3636364 0.0000000 31 -1.0000000 0.0000000
0.0000000 1.3636364 0.0000000 0 0.0000000 0.0000000
0.0000000 0.8242673 -0.0034486 0 -1.0000000 0.0000000
13.0688445 0.9040327 0.0529509 0 0.1216010 0.0000000
14.0754804 0.8932573 -0.0100833 0 0.2596088 0.0019194
14.7743699 0.8631736 0.0083187 0 0.2666682 0.0000000
14.3676027 0.8741545 0.0033658 0 0.3661757 0.0000000
13.1218532 0.8635000 -0.0119345 0 0.5282174 0.0000000
13.8068139 0.8593300 -0.0549647 0 1.2173657 0.0000000
14.2012592 0.8668964 0.0260481 0 0.4259569 0.0000000
13.8666323 0.8846864 0.0637065 0 0.4586136 0.0000000
14.0172744 0.8987391 -0.0018157 0 0.4369101 0.0000000
14.1938449 0.8894091 0.0070587 0 0.2942198 0.0014793
14.3777156 0.8325918 -0.0980018 0 0.1037648 0.6780820
13.1433594 0.8302173 0.0378659 0 0.0000000 0.0000000
0.0000000 0.8642264 0.0167600 0 0.0000000 0.0000000
0.0000000 0.8530636 -0.0184031 0 0.0000000 0.0000000
0.0000000 0.8360791 -0.0178425 0 0.0000000 0.0000000
0.0000000 0.8172273 -0.0342132 0 0.0000000 0.0000000
0.0000000 0.7960600 -0.0093595 0 0.0000000 0.0000000
0.0000000 0.8227845 0.0536067 0 0.0000000 0.0000000
0.0000000 0.8634300 0.0534257 0 0.0000000 0.0000000
0.0000000 0.8661855 -0.0578061 0 0.0000000 0.0000000
0.0000000 0.8745564 0.0297732 0 0.0000000 0.0000000
0.0000000 0.8834827 0.0179013 0 0.0000000 0.0000000
0.0000000 0.8639736 -0.0258805 0 0.0000000 0.0000000
0.0000000 0.8399091 -0.0561480 0 0.0000000 0.0000000
0.0000000 0.8238045 0.0036010 0 0.0000000 0.0000000
0.0000000 0.8330709 0.0063471 0 0.0000000 0.0000000
0.0000000 0.8058127 0.0351876 0 0.0000000 0.0000000
0.0000000 0.8087573 -0.0344955 0 0.0000000 0.0000000
0.0000000 0.8348718 0.0280190 0 0.0000000 0.0000000
0.0000000 0.8269445 -0.0006730 0 0.0000000 0.0000000
0.0000000 0.8150573 -0.0262040 0 0.0000000 0.0000000
0.0000000 0.7710364 -0.0689598 0 0.0000000 0.0000000
0.0000000 0.7628809 0.0842398 0 0.0000000 0.0000000
0.0000000 0.8338909 0.0099597 0 0.0000000 0.0000000
0.0000000 0.8156491 -0.0169408 0 0.0000000 0.0000000
0.0000000 0.8376118 0.0742187 0 0.0000000 0.0000000
0.0000000 0.8894982 0.0604504 0 0.0000000 0.0000000
0.0000000 0.9173573 -0.1093391 0 0.0000000 0.0000000
0.0000000 0.8631027 0.1047791 0 0.0000000 0.0000000
0.0000000 0.9634227 -0.0079482 0 0.0000000 0.0000000
0.0000000 0.9195864 -0.0349879 0 0.0000000 0.0000000
0.0000000 0.9079809 -0.0321578 0 0.0000000 0.0000000
0.0000000 0.8687000 -0.0481275 0 0.0000000 0.0000000
0.0000000 0.9473436 0.1535236 0 0.0000000 0.0000000
0.0000000 0.9217164 -0.0843980 0 0.0000000 0.0000000
0.0000000 0.8565536 -0.0688035 0 0.0000000 0.0000000
0.0000000 0.8783427 0.1083036 0 0.0000000 0.0000000
0.0000000 0.9291291 -0.0134968 0 0.0000000 0.0000000
0.0000000 0.8441373 -0.1096691 0 0.0000000 0.0000000
0.0000000 0.8342118 0.0557241 0 0.0000000 0.0000000
0.0000000 0.8239464 -0.1179864 0 0.0000000 0.0000000
0.0000000 0.8038464 0.1108909 0 0.0000000 0.0000000
0.0000000 0.8286836 -0.0789010 0 0.0000000 0.0000000
0.0000000 0.7661109 0.0012013 0 0.0000000 0.0000000
0.0000000 0.8003782 0.0410252 0 0.0000000 0.0000000
0.0000000 0.8352409 0.0116289 0 0.0000000 0.0000000
0.0000000 0.8993873 0.0230293 3 0.0000000 0.0000000
0.0000000 0.8211391 -0.0178994 0 -1.0000000 0.0000000
8.3128714 0.8749955 0.0589185 0 0.1529645 0.0000000
12.5318919 0.8869582 -0.0300781 0 0.1792965 0.0000000
12.6254176 0.8490382 -0.0321816 0 0.3802685 0.0071429
13.0037307 0.8263864 -0.0109618 0 0.2169305 0.0000000
12.9041303 0.8410900 0.0117724 0 0.1653968 0.0000000
12.9975958 0.8399409 -0.0232795 0 0.3796537 0.0000000
13.3812863 0.8391082 0.0679740 0 0.1438853 0.0044053
13.0887011 0.9076309 0.0399346 0 0.1890137 0.0000000
12.6387216 0.8160864 -0.1042045 0 0.5418823 0.0000000
12.3436714 0.8484736 -0.0018645 0 0.6443602 0.0000000
11.5312662 0.9244564 0.0906576 0 0.7674921 0.0000000
10.8513738 0.8857282 -0.0346047 0 1.7529075 0.0000000
12.3377367 0.8633082 -0.0078979 0 1.5150222 0.0000000
11.8581663 0.8849582 -0.0491755 0 0.9409285 0.0000000
12.7550347 0.8315127 -0.0086414 0 0.7154331 0.0000000
10.6795272 0.9120464 0.1031955 0 0.9072210 0.0000000
10.7401505 0.8649409 -0.1003491 0 1.6532100 0.0000000
10.8513738 0.7798691 -0.0336088 0 2.6817725 0.0000000
9.5164270 0.7658055 -0.0103136 0 0.0000000 0.0000000
0.0000000 0.8005518 0.0571735 0 -1.0000000 0.0000000
8.6002467 0.8497291 0.0109361 0 6.1831567 0.0000000
9.4110747 0.8191736 -0.0363649 0 6.9092020 0.0000000
11.3409146 0.8288191 0.1159473 1 4.0837921 0.0000000
10.4718932 0.9183191 -0.0670694 0 0.9303512 0.0000000
12.2763680 0.9610136 0.0829815 0 1.1434202 0.0000000
12.5464907 0.9014318 -0.0872954 0 0.2293158 0.0000000
12.9567739 0.8304818 -0.0146435 0 0.1850384 0.0000000
12.7628473 0.8074191 0.0059891 0 0.3811054 0.0000000
12.0177954 0.7838182 -0.0645816 0 0.8774529 0.0057143
13.0219130 0.7979518 0.0368879 0 0.4387821 0.0000000
11.0424257 0.8200891 0.0365185 0 0.4233522 0.0000000
12.7312242 0.8669336 -0.0111759 0 0.4817799 0.0000000
12.8870941 0.8387191 0.0366520 0 0.2998037 0.0000000
13.3296621 0.8932200 0.0701845 0 0.1492520 0.0032362
13.6206495 0.9102591 -0.0478808 0 0.1193932 0.0000000
13.8431325 0.8549145 -0.0589362 0 0.1195474 0.0000000
14.2150146 0.8249582 -0.0161522 0 0.1247915 0.0000000
13.6272285 0.7965927 -0.0607300 0 0.1887946 0.0000000
13.3028149 0.7707118 0.0254897 0 0.7338821 0.0000000
13.2516410 0.8073255 0.0326938 0 0.6768918 0.0000000
12.3842565 0.7796609 -0.0320691 0 1.0960693 0.0041322
13.5488239 0.8298391 0.1454273 0 0.9538324 0.0000000
12.3554362 0.9095282 -0.0729480 0 -1.0000000 0.0000000
13.7284821 0.8608882 0.0952891 0 0.7050029 0.0000000
12.1410273 0.9135664 -0.0787689 0 0.2295826 0.0000000
13.6689680 0.8377473 -0.0436530 0 0.6695889 0.0000000
12.7231596 0.7968845 -0.0704687 1 0.6325909 0.0000000
11.9844592 0.7681909 0.0169815 0 1.0491411 0.0000000
10.9273583 0.8392745 0.0540330 0 1.3623109 0.0000000
9.4110747 0.8228900 0.0137274 0 1.3344700 0.0000000
9.9864031 0.8375664 0.0246401 0 1.8558020 0.0000000
10.0470250 0.8292300 -0.0950564 0 2.9051850 0.0000000
11.3881669 0.8160809 0.0341828 0 3.8222300 0.0000000
11.2913182 0.8491291 0.0021421 0 5.0232650 0.0000000
11.2027660 0.7878127 -0.0007655 0 5.9945700 0.0000000
11.8189459 0.8261455 0.0344812 0 6.4386922 0.0000000
10.6149902 0.8482418 0.0112046 0 6.1631871 0.0000000
11.0424257 0.8301145 -0.0369929 0 6.2911967 0.0000000
11.1650262 0.8062273 0.0675342 0 6.0304300 0.0000000
11.5958041 0.8563855 -0.0595171 0 7.2130200 0.0000000
13.0308817 0.8565118 -0.0088751 0 4.2940786 0.0000000
12.5936691 0.8241209 -0.0032370 0 0.1693221 0.0000000
12.4969758 0.8285427 0.0311514 0 1.0134153 0.0000000
12.7628473 0.8555727 0.0185472 0 0.7028707 0.0000000
12.3136392 0.8426291 -0.0381602 0 0.7649106 0.0000000
13.1081732 0.8315455 -0.0078537 0 0.3301065 0.0000000
13.1353487 0.8416800 -0.0215682 0 0.1446096 0.0000000
12.1905071 0.8024373 0.0207137 0 0.7952105 0.0000000
12.3785585 0.8355345 0.0127528 0 0.4687471 0.0000000
12.9041303 0.8670973 0.0434269 0 0.5819126 0.0000000
13.0858882 0.8741618 -0.0157087 0 0.3355239 0.0000000
13.1513065 0.8243573 -0.0610155 0 0.2965950 0.0000000
11.7355649 0.7943455 0.0736318 0 0.4948387 0.0000000
11.5704866 0.8489300 -0.0295805 0 1.2327000 0.0000000
11.9928980 0.8075300 -0.0077142 0 1.2732079 0.0000000
12.4395189 0.8013645 -0.0323730 1 0.3981732 0.7857140
11.4478855 0.7657709 -0.0362011 1 1.0385273 0.0000000
10.4326736 0.7480845 -0.0277662 0 0.0000000 0.0000000
0.0000000 0.7790655 0.1150418 0 0.0000000 0.0000000
0.0000000 0.8644055 0.0193444 0 -1.0000000 0.0000000
12.1190485 0.7797836 -0.1121427 0 0.1188965 0.0000000
13.3749772 0.8064227 0.1339418 0 0.1205366 0.0000000
13.1486645 0.8800264 -0.0088144 0 0.2346294 0.0000000
13.2372177 0.8970418 0.0137825 0 0.3340083 0.0000000
13.2176572 0.8639855 0.0069758 0 0.2493718 0.0000000
12.6431172 0.9349264 0.0324722 0 0.5135405 0.0000000
12.8047580 0.8788036 -0.1252155 0 0.5233947 0.0000000
12.6648099 0.7679809 -0.0283283 0 0.7796895 0.0000000
13.0544121 0.7793936 -0.0741213 0 0.2295928 0.0000000
12.6028434 0.7634218 0.1947255 0 0.5580528 0.4049080
12.9241978 0.8435627 -0.0412152 2 0.0000000 1.0000000
0.0000000 0.8668045 0.0516205 1 -1.0000000 0.0000000
9.6987363 0.8808982 0.0923664 0 0.5708695 0.0000000
13.1721949 0.9267355 -0.1181182 0 0.1505120 0.0000000
13.4771680 0.8175382 -0.0971764 0 0.1475311 0.0000000
12.5170769 0.7976264 0.0390445 0 0.4720248 0.0000000
11.5312662 0.7938718 -0.0700048 0 0.0000000 0.0000000
0.0000000 0.8142655 0.0496249 0 -1.0000000 0.0000000
8.3126260 0.7595764 -0.0588855 0 3.1331300 0.0000000
7.2145044 0.7537645 0.0424053 0 5.2098200 0.0000000
9.9218676 0.7641382 -0.0074470 0 0.0000000 0.0000000
0.0000000 0.7552809 -0.0391706 0 -1.0000000 0.0000000
9.0056505 0.7362645 0.0022612 0 7.3597800 0.0000000
9.2933019 0.7648936 0.0261788 0 8.4984800 0.0000000
8.6002467 0.7885445 0.0141948 0 9.1883100 0.0000000
9.9218676 0.8017391 0.0230575 0 10.1684600 0.0000000
10.6477793 0.7787555 -0.0545636 0 10.9083750 0.0000000
11.2742240 0.7728427 0.0823040 0 11.3109688 0.0000000
9.7787743 0.8277355 -0.0271778 0 0.0000000 0.0000000
0.0000000 0.8246991 0.0689241 1 -1.0000000 0.0000000
9.9218676 0.9008045 0.0341844 0 12.7257778 0.0000000
10.4326736 0.8648618 -0.0214360 0 8.0516097 0.0000000
12.6518508 0.8923173 0.1069045 0 0.2628557 0.0000000
11.4764586 0.8930100 -0.1241855 0 0.8803971 0.0000000
11.6681242 0.8417118 -0.0348860 0 1.9340944 0.0089286
12.4969758 0.8422927 -0.0203635 0 1.2970305 0.0000000
12.4287081 0.8623873 0.0474780 0 1.0211540 0.0000000
12.4867716 0.8810155 0.0338495 0 0.9901037 0.0000000
11.5178434 0.9043545 0.0501185 0 0.7898875 0.0000000
11.0204472 0.8663682 -0.0785954 0 1.6387508 0.0227273
11.5178434 0.9536864 0.1019164 0 2.6069000 0.0000000
11.2027660 0.9082873 -0.0604585 0 2.8644567 0.0000000
12.4011582 0.9119027 -0.0677250 0 2.2018340 0.0000000
9.6117305 0.8970009 0.2347055 0 0.5949703 0.0000000
10.7973077 0.8999782 -0.2610709 0 1.7643000 0.0000000
10.7401505 0.8538382 0.0169948 0 2.0573020 0.0000000
11.3409146 0.8781300 0.0298792 0 2.9716733 0.0000000
11.4904447 0.8578436 -0.0270525 0 3.6738675 0.0000000
11.7135862 0.9041991 0.1226955 0 3.3658900 0.0000000
12.3612671 0.9191864 -0.0513796 0 1.3914148 0.0000000
12.3785585 0.8636991 -0.0798233 0 0.5791958 0.0000000
12.3899222 0.8265836 -0.0008445 0 0.1506483 0.0000000
11.6445939 0.8149509 0.0274429 0 0.5221076 0.0000000
12.6254176 0.7793682 -0.0959200 0 0.2336871 0.0000000
12.6860421 0.7848945 0.0102282 0 0.1937497 0.0000000
12.5513099 0.7897400 0.0198422 1 0.3688719 0.0000000
11.4764586 0.8093900 0.0037215 0 0.0000000 0.0000000
0.0000000 0.8152573 0.0789845 0 -1.0000000 0.0000000
8.6002467 0.8856745 0.0534345 0 3.0558800 0.0000000
9.9218676 0.8655364 -0.0500329 0 3.1901400 0.0000000
10.7102982 0.9094891 0.0703680 0 4.5005300 0.0000000
11.8288961 0.9007218 -0.0848460 0 2.6509081 0.0000000
11.6204965 0.8554255 0.0062655 0 0.9114257 0.0000000
12.4067292 0.8462764 -0.0290140 0 0.4434883 0.0000000
12.4764623 0.8312373 0.0121281 0 0.1297635 0.0000000
12.4341281 0.8360982 -0.0501605 0 0.3447580 0.0000000
11.2913182 0.8203309 -0.0309834 0 0.8959270 0.0000000
11.9233051 0.8271036 0.1364464 0 0.7122633 0.0000000
10.2095374 0.8436755 -0.0884883 1 1.0784153 0.0000000
9.7787743 0.8273382 0.0780787 0 2.2349200 0.0000000
9.8528782 0.8072200 -0.1141136 0 2.7711433 0.0000000
7.2145044 0.8077864 0.0299125 0 -1.0000000 0.3000000
7.2145044 0.8250691 -0.0304715 0 5.5097000 1.0000000
8.3126260 0.8079409 -0.0073221 0 6.0497800 1.0000000
10.2583258 0.7814818 -0.0559078 0 6.4647512 1.0000000
9.5164270 0.6780509 -0.0282662 211 0.0000000 0.0000000
0.0000000 0.7622936 0.1301400 0 0.0000000 1.0000000
0.0000000 0.7986627 -0.0205453 0 0.0000000 1.0000000
0.0000000 0.8229873 0.0078694 0 0.0000000 0.0000000
0.0000000 0.8434191 0.0047469 0 0.0000000 0.0000000
0.0000000 0.7734745 -0.0471184 0 0.0000000 0.0000000
0.0000000 0.7123882 -0.0546827 0 0.0000000 0.0000000
0.0000000 0.8186882 0.1332936 0 0.0000000 0.0000000
0.0000000 0.8639573 0.0492805 0 0.0000000 0.0000000
0.0000000 0.8233182 -0.1369000 0 0.0000000 0.0000000
0.0000000 0.7835155 0.0905804 0 0.0000000 0.0000000
0.0000000 0.7880409 -0.0658315 0 0.0000000 0.0000000
0.0000000 0.7976655 0.0204675 0 0.0000000 0.0000000
0.0000000 0.7920473 -0.0325479 0 0.0000000 0.0000000
0.0000000 0.7510055 -0.0292127 0 0.0000000 0.0000000
0.0000000 0.7943164 0.0661143 0 0.0000000 0.0000000
0.0000000 0.9182618 0.1596455 3 0.0000000 0.0000000
0.0000000 0.8967036 -0.0675693 0 -1.0000000 0.0000000
11.8088956 0.9316709 0.0397324 0 0.1629221 0.0000000
12.0579612 0.9235991 -0.0403442 0 0.3400395 0.0000000
12.5318919 0.8556227 -0.0528389 0 0.1526539 0.0000000
12.2244085 0.9304964 0.0971664 0 0.2448398 0.0000000
11.4478855 0.9210773 -0.0346635 0 0.6716010 0.0000000
12.8377885 0.8828473 -0.0499960 0 0.1361778 0.0000000
12.2177196 0.8365218 0.0045391 0 0.4706708 0.0000000
12.2889467 0.8272891 -0.0636153 0 0.4281170 0.0000000
12.1041230 0.8039455 0.0039582 0 0.6943407 0.0000000
10.6795272 0.8084473 0.0372169 1 0.9812039 0.0000000
8.8233535 0.8554955 0.0644854 0 1.5874300 0.0000000
8.8233535 0.9004555 0.0357874 0 3.0744400 0.0000000
9.6117305 0.9379245 -0.0213003 0 3.6772729 0.0000000
10.5810895 0.9341691 -0.0548305 0 -1.0000000 0.0000000
11.1840741 0.8601245 -0.0079726 0 4.7476867 0.0000000
12.2244085 0.8290291 -0.0732841 0 0.4522467 0.0000000
10.9979747 0.7768600 0.0226355 0 0.8781990 0.0000000
11.5312662 0.8206709 0.0342410 0 1.1132450 0.0000000
11.6681242 0.7944709 -0.0631036 0 0.7100718 0.0000000
12.1625334 0.7666836 -0.0000197 0 0.2594085 0.0000000
12.0735864 0.7680818 0.0153454 0 0.1627325 0.0000000
11.9759485 0.7607773 -0.0525545 0 0.3681226 0.0000000
11.4184719 0.7480491 0.0088082 0 0.5425327 0.0000000
12.2376537 0.7550182 0.0482870 0 0.1900976 0.0000000
11.1650262 0.8111727 0.0230113 0 0.8719895 0.0000000
11.3881669 0.7912018 -0.0508388 0 1.0103444 0.0000000
11.6082266 0.7694464 0.0051171 1 0.6268795 0.0000000
10.9749855 0.7814855 0.0031248 0 1.0482185 0.0000000
11.8387483 0.7617318 -0.0198965 0 0.8169640 0.0000000
10.9026662 0.7644273 0.0295419 0 0.7014123 0.0000000
9.1597836 0.8034027 0.0539845 0 1.5771900 0.0000000
8.3126260 0.8535645 0.0102273 0 -1.0000000 0.0000000
9.6987363 0.8550209 0.0360810 0 3.5648000 0.0000000
10.8513738 0.8359564 -0.0863813 0 3.9792783 0.0000000
12.1410273 0.7942609 0.0340157 0 0.2609337 0.0000000
11.3881669 0.7892309 -0.0110579 0 0.4495258 0.0000000
10.3048442 0.8425091 0.0594453 0 1.4111600 0.0000000
11.1650262 0.8574073 0.0309142 0 1.5690625 0.0000000
10.7973077 0.8557082 -0.0519404 0 1.2949544 0.0000000
11.4904447 0.8525345 0.0017035 0 1.1338123 0.0000000
12.3377367 0.8264036 -0.0502740 0 0.3917234 0.0000000
12.4287081 0.8508100 0.0528278 0 0.1798449 0.0000000
12.4067292 0.8282055 -0.0704647 0 0.2898360 0.0097087
12.5561061 0.7765373 -0.0201389 0 0.2588820 0.0000000
12.3612671 0.7659736 0.0312638 0 0.1983580 0.0000000
12.4764623 0.8358473 0.0141838 0 0.3638186 0.0000000
12.4122694 0.8124309 0.0204587 0 0.3220060 0.0000000
12.4122694 0.8388918 0.0351748 1 0.3245414 0.0000000
10.5096324 0.9294627 0.0841293 0 0.8259345 0.0000000
12.4122694 0.9381373 -0.0420355 0 0.7388050 0.0000000
11.3409146 0.9168091 -0.0011478 0 0.1197011 0.0000000
13.1591908 0.8645791 -0.0829499 0 0.4726257 0.0147059
12.5797478 0.8496591 -0.0001102 0 0.3992043 0.0000000
12.8268991 0.8195927 0.0182838 0 0.3800533 0.0085470
12.2826771 0.8132555 -0.0295495 0 0.6470775 0.0063694
12.1973800 0.8262055 0.0195843 0 0.4400765 0.0000000
11.6681242 0.8726464 0.0307335 0 0.6814991 0.0000000
12.3013692 0.8698755 -0.0215221 0 0.8558488 0.0000000
12.8836518 0.8471173 0.0064448 0 0.3469176 0.0000000
13.0515009 0.8757482 -0.0067974 0 0.2783179 0.0000000
13.1696076 0.8585727 -0.0483184 0 0.2462428 0.0000000
13.2587754 0.8037345 0.0254908 0 0.2072840 0.0051814
13.1696076 0.8908127 0.1301855 0 0.1958884 0.0000000
13.2868145 0.9139664 -0.0698672 0 0.3090272 0.0000000
13.2682094 0.8960827 0.0190286 0 0.2425381 0.0000000
13.0802385 0.8780555 -0.0437571 0 0.2280146 0.0000000
13.8431325 0.8623609 -0.0289193 0 0.1329121 0.0000000
14.1053950 0.8795864 0.0483277 0 0.1225799 0.0000000
13.9834111 0.9182509 0.0411032 0 0.2279692 0.0000000
14.0982557 0.9237982 0.0176131 0 0.2044885 0.0000000
14.2393073 0.9137000 -0.0539650 0 0.1636543 0.0000000
14.3518419 0.8113200 -0.0493533 0 0.1584393 0.0000000
14.1165118 0.8776645 0.0729122 1 0.2154206 0.0000000
12.7231596 0.9064745 -0.0639979 0 0.7045915 0.0000000
12.8939434 0.7999873 -0.0064608 0 1.1940451 0.0000000
13.7060093 0.9246673 0.1305618 0 0.4442768 0.0000000
12.9075029 0.9250200 -0.1125000 0 1.1400098 0.0000000
13.6499199 0.8351073 -0.0344860 0 0.5256136 0.0068027
12.8449827 0.7887636 -0.0556582 0 0.8291747 0.0000000
11.9587068 0.7881273 0.0684116 0 1.2810378 0.0000000
0.0000000 0.8350155 -0.0263727 0 -1.0000000 0.0000000
13.0717036 0.7850236 -0.0396435 0 1.6665067 0.0038462
12.9471120 0.8155745 0.0946045 0 0.2290145 0.0000000
10.9273583 0.8761045 -0.0002501 0 0.9825530 0.0000000
10.7973077 0.8414691 0.0257920 0 1.7037220 0.0000000
0.0000000 0.8843918 0.0294491 0 -1.0000000 0.0000000
0.0000000 0.8988773 -0.0466035 0 -1.0000000 0.0000000
13.0943034 0.8655973 -0.0250945 0 2.4529576 0.0000000
12.6605089 0.8728209 0.0329057 0 1.5842457 0.0000000
12.4448809 0.8799545 0.0026145 0 1.0831980 0.0000000
10.4718932 0.8558091 -0.0353015 0 2.0687229 0.0000000
11.6681242 0.8329545 -0.0532197 0 2.8243629 0.0000000
10.5810895 0.8256764 0.0545556 0 3.5136700 0.0000000
10.7973077 0.8260564 -0.0521775 0 4.0796314 0.0000000
9.4110747 0.8076545 -0.0113365 0 5.1150667 0.0000000
7.9072836 0.8112555 0.0165674 1 -1.0000000 0.0000000
8.3126260 0.8290918 0.0555986 0 7.4799200 0.0000000
10.0470250 0.8471682 0.0127120 0 7.5431800 0.0000000
10.5810895 0.8551573 -0.0159233 0 8.7852470 0.0000000
11.7987433 0.8472845 0.0342634 0 8.4181963 0.0000000
11.2568325 0.8747891 -0.0289579 0 8.2709667 0.0000000
11.9759485 0.8810109 0.0253797 0 0.3574840 0.0000000
11.9142554 0.9267836 0.0825281 0 1.2361733 0.0000000
12.4555192 0.9237845 -0.0818365 0 1.6654501 0.0000000
12.4122694 0.8843891 -0.0282155 0 1.2839214 0.0000000
12.4287081 0.8575091 -0.0379603 0 1.3298611 0.0000000
9.9864031 0.8166636 -0.0048651 0 -1.0000000 0.0000000
0.0000000 0.8139355 -0.0199987 0 -1.0000000 0.0000000
12.7705992 0.8000736 0.0200491 0 2.6610344 0.0000000
9.8528782 0.8420545 0.0699878 0 3.5220100 0.0000000
8.6002467 0.8437582 -0.0641192 0 4.8282500 0.0000000
11.0849847 0.8539727 0.0666965 0 5.1954922 0.0000000
10.7973077 0.8647173 -0.0107036 0 5.5571700 0.0000000
11.6911135 0.8590282 -0.0218043 0 6.3650027 0.0000000
11.3081251 0.7937445 -0.0930491 0 1.0811818 0.0000000
12.0889713 0.7983391 0.0475949 1 0.2135683 0.0000000
9.6117305 0.8123691 -0.0453278 0 1.2546237 0.0000000
10.6477793 0.7889855 0.0629986 0 1.7615800 0.0000000
11.8581663 0.7864473 -0.0882932 0 1.0760464 0.0000000
11.5042378 0.7620255 0.0197302 0 0.7805587 0.0000000
11.1258060 0.7482273 -0.0527164 0 0.7331221 0.0000000
10.7102982 0.7637300 0.0583238 0 1.2762578 0.0000000
10.5459991 0.7722545 0.0140301 0 1.6275944 0.0000000
11.1840741 0.7944964 0.0038928 0 1.4581433 0.0000000
11.5042378 0.7776655 -0.0047976 0 0.7803812 0.0000000
11.3409146 0.8365800 0.1298891 0 0.2286019 0.0000000
11.0424257 0.9199582 0.0471880 0 0.2916310 0.0000000
11.6082266 0.8607536 -0.1310673 0 0.5089103 0.0000000
11.4478855 0.9497918 0.1695027 0 0.2304797 0.0000000
11.1456084 0.9177518 -0.1383291 0 0.2218090 0.0000000
11.6681242 0.8496527 0.0244158 0 0.3245996 0.0000000
11.2742240 0.8548791 0.0164752 0 0.2715787 0.0000000
11.5312662 0.8453827 0.0464264 1 0.3393650 0.0000000
10.4718932 0.8807291 -0.0877652 0 0.7420933 0.0000000
11.6204965 0.8689200 0.0080573 0 0.4132750 0.0000000
11.6681242 0.8352709 -0.0826312 0 0.2485135 0.0000000
8.8233535 0.8251600 0.0075431 0 1.3858333 0.0000000
9.2933019 0.8060464 0.0394017 0 1.8807133 0.0000000
9.9218676 0.8265509 -0.0213851 0 3.1902800 0.0000000
10.7401505 0.8042127 0.0351724 0 2.3286910 0.0000000
11.5042378 0.8438136 -0.0040128 0 0.4657575 0.0000000
11.6564282 0.8292473 -0.0035831 0 0.4880101 0.0000000
12.2310530 0.8135791 -0.0537021 0 0.2103415 0.0000000
12.2310530 0.7762591 0.0146705 0 0.1652069 0.0000000
11.5445113 0.7737591 -0.0326543 0 0.2058667 0.0000000
9.0056505 0.7886300 0.0451026 0 1.2352650 0.0000000
0.0000000 0.7821073 -0.0288324 0 -1.0000000 0.0163934
0.0000000 0.7963555 0.0571358 0 -1.0000000 0.0000000
11.2568325 0.8045945 -0.0258732 0 0.5005136 0.0000000
9.0056505 0.8146264 0.0243609 0 1.6447567 0.0000000
9.2933019 0.8189991 -0.0349115 0 2.1157925 0.6000000
8.3126260 0.8193255 0.0526395 0 3.7442900 1.0000000
7.2145044 0.8411382 -0.0119589 2 0.0000000 1.0000000
0.0000000 0.8500727 0.0709923 0 0.0000000 1.0000000
0.0000000 0.8617864 -0.0628629 0 0.0000000 1.0000000
0.0000000 0.8529273 0.0168752 0 0.0000000 0.0000000
0.0000000 0.8592145 0.0173279 1 0.0000000 0.0000000
0.0000000 0.9025455 0.0185762 0 -1.0000000 0.0000000
10.3048442 0.8689727 -0.0784122 0 0.1339379 0.0000000
10.4718932 0.7827355 -0.0611187 0 0.6157301 0.0000000
10.9026662 0.7627627 0.0267961 0 0.5182254 0.0000000
10.3048442 0.7846409 0.0778200 0 0.9960239 0.0000000
9.9864031 0.8898300 0.0034089 0 1.4618619 0.0000000
10.6149902 0.8738736 0.0797851 0 0.5414303 0.0000000
10.3048442 0.9104364 -0.0365331 0 0.3855500 0.0000000
10.4718932 0.9101682 -0.0594521 0 0.8298095 0.0000000
10.5459991 0.8082182 -0.0345112 1 0.3720345 0.0000000
10.3492945 0.8404891 -0.0030878 0 0.8448930 0.0000000
10.6149902 0.8230627 0.0261241 1 0.8051750 0.0000000
11.6326178 0.8177145 -0.0999036 0 0.1189490 0.0000000
11.9051229 0.7924773 0.1383382 0 0.1856476 0.0000000
11.7570709 0.8381673 -0.1022618 0 0.2584180 0.0000000
12.3495711 0.7688418 -0.0234058 0 0.1404392 0.0000000
12.5416481 0.7184973 -0.0760740 0 0.1350681 0.0000000
12.2636290 0.6603500 -0.0071066 0 0.3066435 0.0000000
11.5445113 0.6943545 0.0770953 1 0.0000000 0.0000000
0.0000000 0.7254655 0.0326305 0 -1.0000000 0.0000000
12.3728278 0.8051709 0.0523832 0 0.6628636 0.0000000
12.6690926 0.8266200 -0.0065351 0 0.1869187 0.0000000
12.4660456 0.7583836 -0.0915055 0 0.1745875 0.0000000
12.6209434 0.7297609 -0.0364644 0 0.2347575 0.0000000
11.4034342 0.7485218 0.0742779 0 0.5970497 0.0000000
12.5513099 0.7980136 0.0303270 0 0.7216946 0.0000000
12.7272000 0.8216127 0.0040797 0 0.1927770 0.0000000
12.8413921 0.7656436 -0.0347436 0 0.2723067 0.0000000
12.4764623 0.8166691 0.0531569 0 0.2642503 0.0000000
10.7973077 0.7806109 -0.0816938 1 1.1181969 0.0000000
11.9142554 0.8584118 0.1947536 0 0.7391215 0.0000000
10.8513738 0.8592945 -0.1507164 0 1.1764550 0.0000000
13.3028149 0.7463155 -0.0275471 0 0.1194740 0.0000000
13.3362627 0.8047627 -0.0196585 0 0.1368164 0.0000000
12.7471607 0.7358564 0.0199456 0 0.3645948 0.0000000
13.3686280 0.8784427 0.1295282 0 0.2890020 0.0000000
12.1337546 0.8126482 -0.1278936 0 0.6367837 0.0000000
13.2274853 0.7183073 -0.0903605 0 0.3098000 0.0000000
12.3197182 0.7517864 0.1350673 0 0.5022405 0.0000000
12.7231596 0.7808509 -0.0093969 0 0.8445469 0.0000000
13.3600991 0.7990355 -0.0576785 0 0.2861240 0.0000000
13.2891160 0.7037418 -0.0870564 0 0.3371020 0.0000000
13.2468563 0.6466700 -0.0027680 0 0.2109840 0.0000000
12.5797478 0.6845645 0.0952736 1 0.0000000 0.0000000
0.0000000 0.8166900 0.0172504 0 -1.0000000 0.0000000
12.0735864 0.7231218 0.0628395 0 0.2265970 0.0000000
13.1326641 0.7743918 -0.1067600 0 0.5822618 0.0000000
12.9307984 0.7186455 -0.0167612 0 0.7192666 0.0000000
13.7874495 0.7484427 0.0816190 0 0.1865125 0.0000000
13.5681396 0.7572673 -0.0443504 0 0.3020923 0.0000000
13.8794530 0.7515273 0.0270533 0 0.2081478 0.0000000
14.0660117 0.7754055 0.0199264 0 0.1607617 0.0000000
13.4618126 0.7426373 -0.0564932 0 0.2561902 0.0000000
13.0158889 0.7354764 0.0359888 0 0.4054304 0.0000000
13.3252373 0.7861827 0.0557402 0 0.4146979 0.0000000
13.5750721 0.7778864 -0.0758778 0 0.3647628 0.0000000
13.4752614 0.7716436 0.0160960 0 0.1692262 0.0000000
14.0702311 0.7850791 0.0181513 0 0.1328009 0.0000000
14.0712831 0.7762591 0.0392283 0 0.1943378 0.0000000
13.6434890 0.7956445 -0.0373312 0 0.4015900 0.0045872
13.3274521 0.7357345 -0.0633105 0 0.6114040 0.0000000
13.3686280 0.7754091 0.0565725 0 0.6743690 0.0000000
10.4326736 0.7802491 -0.0695761 1 0.8285467 0.0434783
10.9979747 0.6972773 -0.0158174 0 2.0054375 0.0000000
12.5561061 0.6766173 -0.0193713 0 2.5859102 0.0000000
10.6477793 0.7082273 0.1013645 0 3.0007957 0.0000000
12.4918867 0.7876427 -0.0392205 0 -1.0000000 0.0000000
13.2587754 0.7075327 0.0178642 0 0.9907779 0.0000000
13.9033685 0.7491191 -0.0245121 0 0.1505380 0.0000000
14.0128250 0.7125445 -0.0314088 0 0.2090816 0.0021786
14.0283120 0.6897000 0.0340391 0 0.2048395 0.0038835
14.0796602 0.7616945 0.0679924 0 0.1649247 0.0000000
13.6799142 0.7827873 -0.0260641 0 0.1756157 0.0000000
13.5034852 0.7809236 0.0712254 0 0.5010816 0.0000000
12.8449827 0.8085418 -0.0539325 0 0.6305681 0.0000000
13.2299273 0.7724373 0.0127395 0 0.7348336 0.0000000
12.6776032 0.7768591 -0.0328312 0 0.9390861 0.0000000
14.0532455 0.8038473 0.0838073 0 0.2218698 0.0000000
13.4866467 0.8713609 0.0733600 0 0.1688321 0.0015924
14.2690818 0.9001136 -0.0649676 0 0.1105010 0.0013441
14.5454838 0.8752473 0.0226270 0 0.1158693 0.0000000
14.5415493 0.8583909 -0.0782606 1 0.1363441 0.0000000
13.2728932 0.7406527 -0.1000582 0 0.4093217 0.0000000
12.0813084 0.7275464 0.0823432 0 1.6653275 0.0000000
12.7628473 0.7960545 -0.0495407 0 2.4330475 0.0000000
12.4867716 0.6802591 -0.0691458 0 1.7941463 0.0000000
7.2145044 0.7618427 0.1613455 0 -1.0000000 0.0000000
13.5523637 0.7700473 -0.1122355 0 1.0613687 0.0000000
13.6272285 0.7268609 0.0411642 0 0.9561020 0.0000000
13.5750721 0.7745864 0.0718372 0 0.5287070 0.0000000
13.8958778 0.7788491 -0.0670452 0 0.3775424 0.0000000
14.7686272 0.7381827 0.0013204 0 0.1568541 0.0000000
14.9882041 0.8275082 0.0572424 0 0.1520062 0.0009794
14.6580174 0.7771536 -0.0708362 0 0.2492920 0.0000000
9.7787743 0.7805291 0.0470101 0 0.4664450 0.0000000
14.1664977 0.7773509 -0.0069419 0 1.3585916 0.0000000
14.0596490 0.8117082 0.0669405 0 0.8125319 0.0012804
14.6947609 0.7659500 -0.1429582 0 0.4185923 0.0012903
14.5896509 0.7238909 -0.0171095 1 0.3015464 0.0000000
13.8418107 0.7326345 0.0298890 0 1.3666257 0.0000000
13.4520944 0.7161136 -0.0251498 0 0.5520900 0.0000000
13.9902761 0.7011909 0.0189343 0 0.2009558 0.0000000
14.2647584 0.7301036 0.0594192 0 0.3869667 0.0017212
14.1373977 0.8208091 0.1243473 0 0.4428501 0.0014306
14.7533275 0.8026591 -0.1758773 0 0.3128327 0.0010417
14.6574324 0.8582827 0.2138818 0 0.1811225 0.0000000
14.8461698 0.8701300 -0.1654518 0 0.1521174 0.0000000
14.2058654 0.7236173 -0.0877456 0 0.1590056 0.0000000
14.3236484 0.7353536 0.1018818 0 0.4385512 0.0111524
13.5236879 0.7882555 -0.0192555 0 0.5791357 0.0039920
13.3493348 0.9600300 0.1707991 1 0.8771700 0.0000000
0.0000000 0.8329791 -0.1597164 0 -1.0000000 0.0033167
14.8743541 0.7968309 -0.0143363 0 0.1467150 0.0000000
14.1491395 0.7724945 0.0375457 0 0.1256170 0.0000000
13.9660395 0.9050627 0.1449209 0 0.8051364 0.0000000
13.0485812 0.8861591 -0.1570691 0 1.4057854 0.0024096
14.0827835 0.7343673 -0.1021573 0 0.8136197 0.0000000
14.2979953 0.7359409 0.0983073 0 0.6671405 0.0000000
12.6254176 0.7576255 0.0135814 0 1.4221919 0.0000000
13.4904132 0.8348191 0.0449723 0 1.6450676 0.0015528
14.6857008 0.7944145 -0.1118309 0 0.4391575 0.0009124
14.8869918 0.7853991 0.1106391 0 0.2128909 0.0000000
14.6426959 0.9129182 0.0722689 0 0.2008902 0.0000000
13.6658184 0.8733382 -0.0984718 0 0.2682899 0.0000000
14.0016141 0.8013464 -0.0480890 0 0.4301197 0.0000000
13.3875559 0.7660618 0.0101704 1 0.7437838 0.0000000
12.7628473 0.7616736 -0.0354923 0 1.4514889 0.0000000
13.0485812 0.7551673 0.0001019 0 1.9508359 0.0000000
13.1644128 0.8564791 0.1525018 0 1.6392181 0.0000000
13.2658592 0.7916045 -0.1421291 0 1.0339743 0.0000000
13.3340673 0.8826745 0.1939209 0 0.5638330 0.0000000
10.9979747 0.8701445 -0.1711936 0 1.2237673 0.0000000
13.4363460 0.7107364 -0.1209136 0 1.0809172 0.0050000
13.1164037 0.6688309 0.0122030 0 0.4505950 0.0000000
13.1460154 0.6808691 0.0289237 0 0.3927966 0.0000000
12.8556780 0.7104055 0.0194684 0 0.7924029 0.0084746
12.1905071 0.7110027 0.0033822 0 0.1502224 0.0000000
13.0943034 0.7209000 -0.0187398 0 0.2007332 0.0080321
13.3095945 0.6997209 -0.0029946 0 0.1643621 0.0000000
13.1299724 0.7284918 0.0756893 0 0.2539233 0.0000000
13.2821956 0.7514564 -0.0741585 0 0.4833687 0.0000000
13.6845690 0.7738245 0.1058236 0 0.2425473 0.0000000
13.9108035 0.7812427 -0.0452651 0 0.1177905 0.0018904
13.9993568 0.7929245 0.1537209 0 0.1148580 0.0905172
14.4707715 0.8265373 -0.2023845 2 0.1407591 1.0000000
9.9218676 0.7532700 0.1498136 0 0.2235871 0.0000000
11.5704866 0.9167136 0.0472901 0 0.1321142 0.0000000
14.1807361 0.8429464 -0.1236264 0 0.1682210 0.0000000
14.1114740 0.8068736 0.0269488 0 0.2299780 0.0000000
13.5071889 0.7716291 -0.0586018 0 0.4650184 0.0000000
14.5162652 0.7495445 -0.0086211 0 0.1565597 0.0018868
14.0723341 0.8370345 0.1184582 0 0.2457160 0.0000000
14.0150522 0.8504764 -0.0431001 0 0.3575657 0.0027548
13.9993568 0.8031945 -0.0168225 0 0.2663867 0.0000000
14.2276844 0.7668491 -0.0657677 0 0.2700077 0.0000000
14.5559005 0.7384736 -0.0005365 0 0.1441256 0.0000000
14.4119524 0.7390127 -0.0030835 0 0.3190770 0.0014124
14.4572818 0.7745500 0.0447084 0 0.2681621 0.0018727
13.8457711 0.7745955 -0.0337378 0 0.3188008 0.0026954
14.0072353 0.7646600 0.0582536 0 0.5659418 0.0000000
14.7929367 0.7754109 -0.0507722 0 0.1835185 0.0030960
14.5597790 0.7242291 -0.0459501 0 0.1318876 0.0000000
14.2785280 0.7309382 0.0407070 0 0.2345413 0.0000000
13.3050799 0.7664518 0.0024110 0 1.2502959 0.0000000
13.7240277 0.6937464 -0.0716311 0 0.9483309 0.0000000
13.3833806 0.6765782 0.0057939 0 0.8164751 0.0000000
12.9373558 0.7339509 0.0628702 0 1.5385524 0.0000000
12.7191028 0.7245782 -0.0553876 0 1.5169437 0.0000000
13.7135565 0.7037636 -0.0164387 0 1.0644696 0.0000000
14.2086190 0.7469200 0.1197273 1 0.5249966 0.0000000
0.0000000 0.7916927 -0.0682386 0 -1.0000000 0.0017825
14.0796602 0.7078855 0.0094678 0 0.3352753 0.0000000
14.1124836 0.7603127 0.0128876 0 0.1340839 0.0000000
14.0951804 0.7377491 -0.0043089 0 0.2633176 0.0000000
14.2040255 0.8473336 0.1327991 0 0.1776353 0.0000000
14.0072353 0.8006055 -0.0836205 0 0.3741342 0.0000000
14.2699442 0.7829873 0.0290998 0 0.1455264 0.0000000
14.3005069 0.8366064 -0.0374310 0 0.2225669 0.0000000
14.3722829 0.7737927 -0.0107311 0 0.1672515 0.0000000
14.6586020 0.8043555 0.0039718 0 0.1361316 0.0000000
14.6283416 0.7888691 0.0027469 0 0.1241926 0.0000000
13.3833806 0.8394755 0.0554492 0 0.2068875 0.0011947
14.3179130 0.8228345 -0.0784990 0 0.1964206 0.0018518
14.6229052 0.7404618 -0.0287092 0 0.1219549 0.0000000
13.6305018 0.7598391 0.0476375 0 0.4710597 0.0000000
0.0000000 0.7882564 -0.0073946 0 -1.0000000 0.0022779
13.8996302 0.7866791 0.0268261 1 1.4226376 0.0000000
12.1973800 0.8147218 0.0409690 0 0.7929579 0.0000000
14.3930768 0.8512391 0.0094064 0 0.4206729 0.0000000
14.4672392 0.8545655 0.0023664 0 0.1720643 0.0000000
14.0951804 0.8315009 -0.0244968 0 0.5274273 0.0000000
14.0585846 0.8255045 0.0205859 0 0.3362698 0.0000000
14.0261142 0.8374827 -0.0364401 0 0.5178164 0.0000000
13.9799609 0.8131164 0.0052508 0 0.1169102 0.0000000
13.2274853 0.7666745 -0.1017491 0 0.8156364 0.0000000
14.2393073 0.7380555 0.0953591 0 0.3734972 0.0000000
14.3236484 0.8729655 0.0608238 0 0.2258392 0.0034072
14.1854376 0.7541536 -0.1413973 0 0.4710801 0.0000000
14.4171744 0.7925482 0.2171845 0 0.2855905 0.0000000
13.2027316 0.9407409 -0.0457255 0 0.3959698 0.0000000
13.8298345 0.8775655 -0.0817754 0 0.6051155 0.0031447
0.0000000 0.7859764 -0.0873708 0 -1.0000000 0.0027397
0.0000000 0.7229109 0.0017109 1 -1.0000000 0.0000000
13.8627538 0.7635227 0.0483132 0 0.3196282 0.0000000
12.2244085 0.8194691 0.0545903 0 0.6541687 0.0000000
12.5982667 0.7911255 -0.0522805 0 -1.0000000 0.0000000
14.0807024 0.7652536 -0.0139841 0 0.5042802 0.0046948
13.6579007 0.7724727 0.0905840 0 0.1417477 0.0000000
13.8933684 0.8507282 -0.0764332 0 0.1323287 0.0000000
14.2141034 0.7484164 -0.0583981 0 -1.0000000 0.0000000
14.4658228 0.7328509 0.0109203 0 0.1128966 0.0000000
14.4840817 0.7285600 0.0254507 0 0.1973686 0.0000000
13.5663990 0.7609800 0.0174721 0 0.6044719 0.0000000
7.2145044 0.7617745 -0.0483435 0 -1.0000000 0.0029154
13.9982262 0.6916336 -0.0158898 0 0.7637283 0.0000000
14.3715044 0.7732336 0.0672279 0 0.3548098 0.0031746
13.3579555 0.7457582 -0.0874347 0 0.7830897 0.0000000
14.2294814 0.6840391 0.0003550 0 0.3367796 0.0000000
13.0602092 0.7246345 0.1335909 1 0.2184677 0.0023923
12.9307984 0.8249727 -0.0743099 0 0.8052793 0.0024510
13.0249115 0.7518318 0.0161581 0 1.3265139 0.0000000
13.8431325 0.7319964 -0.0817295 0 0.2743153 0.0000000
13.9822624 0.6988009 0.0451563 0 0.2758229 0.0022831
14.2446264 0.7636909 -0.0678469 0 0.1556368 0.0000000
14.2912670 0.6538391 -0.0308026 0 0.1389928 0.0000000
14.3510473 0.7409827 0.1586691 0 0.1689547 0.0000000
14.1393642 0.7406464 -0.1418264 0 0.2283207 0.0000000
14.1134922 0.6600473 0.0133985 0 0.3108124 0.0000000
13.4122485 0.7053909 0.0916645 0 0.6363135 0.0022779
13.4061323 0.7716073 0.0000462 0 0.1752004 0.0000000
14.3309744 0.7392473 -0.0787438 0 0.1353360 0.0018215
14.0564524 0.6793609 0.1070236 1 0.2201412 0.2500000
13.9637004 0.7894118 0.0471786 0 0.2407456 0.0116959
12.8732531 0.7216073 -0.1221545 0 0.1490014 0.0000000
14.4791985 0.8119900 0.0708392 0 0.1137104 0.0015337
14.3030121 0.8236982 0.0725657 0 0.1853851 0.0000000
14.3892586 0.8259473 -0.0534458 0 0.1120917 0.0000000
14.3854257 0.7386836 -0.0537514 0 0.2970095 0.0000000
14.1901171 0.8578291 0.1650000 0 0.2385650 0.0000000
13.1721949 0.8680473 -0.1018882 0 0.7012329 0.0000000
13.7519092 0.7601164 -0.0872825 0 0.7359524 0.0000000
13.2705540 0.7085082 -0.0027452 0 0.6378809 0.0000000
