3.2359200
7.8062400
10.3082400
9.8523200
4.1700000
4.1255200
2.6910400
0.3224800
1.1120000
0.3447200
0.3336000
0.4225600
0.6894400
0.6004800
0.6449600
0.8451200
0.4114400
0.3002400
0.5893600
0.6004800
0.8673600
0.9007200
0.3113600
0.8451200
1.5345600
0.8340000
0.6116000
0.3336000
0.4114400
0.0000000
0.0000000
0.0111200
0.0444800
0.0000000
0.0000000
0.0444800
0.0111200
0.0667200
0.0222400
0.0111200
0.0111200
0.0444800
0.0000000
0.0000000
0.0000000
0.0000000
0.0000000
0.0000000
0.0000000
0.0000000
0.0000000
0.0000000
0.0000000
0.0000000
0.0000000
0.0000000
0.0000000
0.0000000
0.0000000
0.0000000
0.0000000
0.0000000
0.0000000
0.0000000
0.0000000
0.0000000
0.0000000
0.0000000
0.0000000
0.0000000
0.0000000
0.0000000
0.0000000
0.0000000
0.0000000
0.0000000
0.0000000
0.0111200
0.8562400
0.9340800
0.5226400
0.3447200
0.3113600
0.2001600
0.4225600
0.4892800
0.9452000
2.0349600
1.6012800
0.9340800
0.6560800
0.7672800
2.2573600
2.6576800
0.8006400
0.2891200
0.2668800
0.3224800
0.1445600
0.6116000
0.5004000
0.6116000
1.2120800
1.1787200
0.7228000
0.5448800
0.5226400
1.3900000
2.0238400
2.4575200
3.0913600
3.4472000
3.9698400
5.2820000
5.1040800
3.0135200
1.1787200
4.4702400
8.8737600
7.2724800
1.5234400
0.6004800
0.4559200
0.1000800
0.1223200
0.8784800
1.0675200
1.4567200
0.9674400
0.2780000
0.7561600
1.5456800
2.7688800
2.6576800
4.2033600
3.2470400
2.4686400
2.4797600
2.1239200
1.2899200
0.8117600
0.9452000
1.3010400
2.1684000
2.2240000
1.8904000
2.0572000
2.8578400
2.1461600
2.5131200
2.6132000
0.1112000
0.0889600
0.1556800
0.5337600
1.3010400
2.4908800
3.1803200
4.4146400
6.3161600
4.6036800
4.7371200
1.7236000
3.8697600
8.7403200
9.6855200
5.2041600
11.4091200
11.3535200
7.8729600
4.7593600
5.8602400
14.7896000
17.1470400
21.5616800
14.8007200
7.1279200
3.7808000
6.2716800
19.2042400
19.8047200
21.7618400
12.7324000
8.0508800
2.9690400
1.1787200
0.6116000
0.7228000
6.1160000
8.4400800
8.6402400
10.5306400
10.0969600
11.4647200
9.7077600
14.4004000
5.0262400
6.6720000
6.4162400
9.0961600
13.1660800
4.8594400
7.3725600
8.8404000
11.6982400
13.0104000
11.2868000
16.0239200
20.0493600
23.9413600
31.0025600
31.5029600
31.3917600
28.2225600
17.0580800
4.1588800
3.3360000
0.0000000
0.0000000
0.0000000
0.0000000
0.0111200
0.0889600
0.1112000
0.0778400
0.0556000
0.0667200
0.0667200
0.0333600
0.0556000
0.0111200
0.0222400
0.0111200
0.0111200
0.0556000
0.1223200
0.2112800
1.5012000
1.1231200
0.2891200
0.7672800
0.3447200
0.9896800
0.7784000
3.9587200
4.0476800
3.5584000
4.8149600
3.8920000
5.0262400
1.8792800
1.4456000
1.3121600
4.5925600
5.0262400
2.1461600
2.2796000
2.4908800
2.3129600
1.7236000
1.3788800
1.1453600
2.1795200
2.9690400
4.1700000
4.5925600
6.4829600
5.3264800
8.2176800
10.1414400
6.1048800
1.8348000
3.9142400
5.1152000
3.2581600
0.7228000
3.9587200
4.4924800
3.7585600
4.2923200
3.9920800
4.1922400
4.4035200
5.8824800
9.1406400
11.4202400
9.0294400
6.1048800
3.0913600
4.7260000
4.8816800
3.9364800
6.2716800
8.9960800
11.8316800
8.4734400
3.2692800
1.5568000
1.4900800
6.7720800
12.2431200
12.3765600
13.9333600
6.9722400
6.3050400
4.0588000
2.5353600
1.5012000
2.1906400
2.4130400
4.1588800
5.8491200
6.8388000
7.9841600
8.1509600
9.5854400
9.8523200
12.2208800
10.9643200
9.9079200
11.2645600
3.4249600
5.0707200
1.6902400
0.0222400
3.9587200
8.3400000
12.4988800
11.0421600
7.4948800
13.1883200
16.9357600
20.8722400
14.2002400
15.5902400
12.6545600
9.4742400
4.8038400
3.5361600
5.2375200
12.1986400
9.4186400
16.5910400
20.7054400
20.0604800
14.5672000
13.7220800
7.3836800
5.4043200
7.0167200
7.0945600
6.0492800
9.7967200
6.2160800
2.6688000
4.7704800
0.8673600
0.0667200
0.0000000
0.0000000
0.0444800
0.0111200
0.0556000
0.0778400
0.0222400
0.0222400
0.0667200
0.1334400
0.0889600
0.1223200
0.0556000
0.0222400
0.0556000
0.1445600
0.0444800
0.0556000
0.1334400
0.0333600
0.0111200
0.0111200
0.0444800
0.0222400
0.0222400
0.6894400
0.9229600
0.0000000
0.0000000
0.0000000
0.4225600
0.4781600
0.1334400
0.1779200
0.4114400
0.3336000
0.2557600
0.3669600
0.2001600
0.3892000
1.8904000
0.8562400
2.0349600
2.2017600
4.4146400
3.1803200
4.6148000
3.8030400
5.7712800
4.3812800
6.7053600
9.2740800
11.3646400
15.1120800
10.8086400
9.3852800
4.3034400
3.0024000
1.5345600
13.3440000
17.2471200
15.2677600
11.4536000
19.7713600
14.8229600
10.4639200
12.1652800
6.6386400
12.1764000
9.3741600
9.6410400
9.6744000
20.1049600
23.6633600
15.0231200
11.6204000
5.5266400
13.8444000
20.1939200
24.6419200
11.2756800
31.7031200
30.8246400
27.9334400
29.4235200
33.9271200
9.5298400
14.4782400
7.3836800
12.7435200
14.9452800
6.4829600
5.4599200
12.6768000
11.1644800
14.0779200
11.7538400
18.1923200
8.4623200
10.0858400
15.8126400
20.1383200
20.2940000
20.8500000
25.4759200
24.4528800
12.0985600
9.2629600
4.5592000
4.3034400
5.5933600
4.7482400
3.3693600
13.6776000
16.5688000
21.9175200
23.6744800
9.7967200
9.5632000
7.0500800
9.7300000
6.2160800
4.8705600
4.2256000
4.2256000
9.1851200
8.9404800
1.2788000
12.7324000
13.2216800
15.4456800
9.2963200
13.7888000
20.2606400
9.1628800
12.6100800
7.0500800
9.8856800
5.3042400
5.7156800
5.1596800
1.2788000
1.8125600
2.4464000
7.1279200
11.9317600
10.3527200
5.0818400
10.5640000
2.4575200
1.1342400
1.3788800
0.0000000
0.0000000
0.0000000
0.0000000
0.0000000
0.0000000
0.0000000
0.0000000
0.0000000
0.0000000
0.0000000
0.0000000
0.0000000
0.0000000
0.0000000
0.0000000
0.0000000
0.0000000
0.0000000
0.0000000
0.0000000
0.0000000
0.0000000
0.0000000
0.0000000
0.0000000
0.0000000
0.0000000
0.0000000
0.0000000
0.0000000
0.0000000
0.0000000
0.0000000
0.0000000
0.0000000
0.0000000
0.0000000
0.0000000
0.0000000
0.0000000
0.0000000
0.0000000
0.0000000
0.0000000
0.0000000
0.0000000
0.0000000
0.0000000
3.8808800
10.6196000
21.3615200
14.2224800
4.0921600
8.1176000
12.0429600
8.6180000
10.0191200
11.9540000
14.3670400
0.0000000
0.0000000
0.0000000
0.0000000
0.0000000
0.0000000
0.0000000
0.0000000
0.0000000
0.0000000
0.0000000
0.0000000
0.0000000
0.0000000
0.0000000
0.0000000
0.0000000
0.0000000
0.0000000
0.0000000
0.0000000
0.0000000
0.0000000
0.0000000
0.0000000
0.0000000
0.0000000
0.0000000
0.0000000
0.0000000
0.0000000
0.0000000
0.0000000
0.0000000
0.0000000
0.0000000
0.0000000
0.0000000
0.0000000
0.0000000
0.0000000
0.0000000
0.0000000
0.0000000
0.0000000
0.0000000
0.0000000
0.0333600
2.2684800
3.2804000
2.8467200
3.2915200
3.6140000
5.3042400
3.9587200
2.5242400
1.8792800
0.8340000
0.4225600
1.8681600
1.1564800
2.8356000
0.3558400
0.3780800
0.4225600
0.0000000
0.0000000
0.0444800
0.1000800
0.6894400
0.2891200
1.7569600
2.3018400
3.4694400
2.8578400
1.3566400
3.7029600
0.7784000
2.5020000
3.2359200
5.0373600
6.7387200
8.4178400
12.2097600
6.7832000
4.9039200
4.6592800
1.9571200
6.4607200
2.9356800
6.2828000
1.5345600
7.0723200
2.7466400
1.3121600
0.4559200
0.1000800
0.1779200
0.1890400
0.7228000
0.6560800
0.6004800
1.1120000
0.3336000
0.5115200
0.5782400
0.8896000
3.7363200
2.4130400
2.1906400
2.8578400
1.8236800
4.0365600
4.1477600
1.6124000
2.5909600
2.6465600
3.9476000
4.2144800
1.0230400
0.8673600
1.3232800
2.0683200
0.7672800
0.0000000
0.0000000
0.0000000
1.5012000
5.2708800
4.2033600
4.5925600
4.5036000
2.5353600
2.9801600
2.5909600
3.8252800
2.4352800
0.0000000
0.0000000
0.1334400
4.3034400
5.8380000
2.2351200
0.0000000
0.0000000
0.0333600
0.0111200
0.0000000
0.0000000
0.0667200
0.0889600
0.0444800
0.1668000
0.3447200
0.6449600
0.0000000
0.0000000
0.1668000
0.2780000
2.5576000
0.7895200
0.9563200
2.3796800
1.8570400
2.1684000
0.8228800
0.5004000
0.8228800
0.6004800
1.9904800
0.1223200
0.4003200
0.3780800
0.6894400
0.8006400
1.0008000
1.9126400
1.9460000
1.9682400
0.9340800
2.4908800
2.6465600
2.3129600
0.0000000
0.0000000
0.0444800
0.1668000
0.3669600
1.1231200
0.9118400
2.0016000
2.1461600
2.0572000
0.6560800
1.2343200
0.2224000
0.1445600
0.1556800
0.0111200
0.0111200
0.0333600
0.2335200
0.0000000
0.0000000
0.0000000
0.0000000
0.0000000
0.0000000
0.0000000
0.0000000
0.0000000
0.0000000
0.0000000
0.0000000
0.0000000
0.0000000
0.0000000
0.0000000
0.0000000
0.0000000
1.1008800
1.4122400
2.2684800
1.6680000
0.9229600
2.9245600
1.6568800
1.7792000
1.4789600
0.3558400
0.0556000
0.0556000
0.1223200
0.3224800
0.5893600
1.6680000
0.4892800
0.8340000
0.9563200
1.5679200
1.4344800
1.3010400
0.7450400
1.6902400
0.5782400
0.7228000
0.9007200
0.4781600
1.1342400
0.4448000
0.0778400
0.0333600
0.1334400
0.4225600
1.5345600
0.7228000
0.2446400
0.5782400
0.4003200
0.8006400
1.8681600
2.0460800
2.0016000
2.3240800
1.9126400
2.1461600
2.0127200
2.0127200
0.3002400
2.0127200
1.0230400
3.9142400
2.3796800
3.0468800
1.7680800
1.6235200
0.9563200
1.8014400
3.2248000
3.8141600
4.2923200
4.6926400
4.2923200
4.8260800
4.7371200
3.9253600
8.4178400
10.9420800
9.6855200
10.8642400
13.2995200
13.2105600
11.0644000
2.7466400
5.2597600
5.3376000
3.3026400
6.9388800
3.1024800
2.1795200
0.8451200
2.1461600
3.4360800
0.4559200
1.3121600
0.9785600
0.6560800
1.4344800
2.5798400
2.0794400
0.2891200
0.9563200
0.3224800
0.4003200
0.1000800
0.0222400
0.0333600
0.1890400
0.3224800
1.0897600
0.6338400
1.3010400
1.2232000
2.1016800
2.0127200
2.0460800
1.9793600
0.6004800
0.4781600
0.1556800
0.0444800
0.5337600
0.4003200
0.9785600
0.6672000
1.4567200
0.1223200
0.3447200
1.1564800
0.8117600
0.5560000
0.3669600
0.3113600
0.5893600
0.8117600
0.6894400
0.5115200
0.9007200
0.7672800
0.5671200
0.9563200
0.6449600
0.8340000
0.2891200
0.9118400
0.9563200
0.0556000
0.0889600
0.1668000
0.3780800
0.8117600
0.9452000
1.6791200
1.6791200
0.8451200
0.2224000
0.1445600
0.1112000
0.2557600
0.0667200
0.0889600
0.0333600
0.0000000
0.0000000
0.0000000
0.0000000
0.0000000
0.0000000
0.2557600
0.2891200
0.4336800
0.2446400
0.1779200
0.3336000
0.2446400
0.2891200
0.3113600
0.2557600
0.3336000
0.9229600
1.2120800
1.0452800
1.8904000
2.2907200
1.7347200
0.0000000
0.0000000
1.9348800
2.6020800
2.1239200
2.4797600
0.7339200
2.3129600
2.7577600
3.0913600
2.1461600
0.4003200
1.2232000
0.8340000
4.4924800
5.0707200
2.8133600
5.2375200
1.5234400
4.5480800
1.8348000
2.7466400
5.1930400
4.8372000
5.9047200
0.0000000
0.0000000
1.4344800
4.1366400
3.3804800
7.9619200
6.3940000
8.7292000
10.5195200
5.7490400
3.6807200
5.0151200
6.4384800
5.8268800
10.5640000
10.5751200
6.8944000
5.0262400
5.2375200
0.2780000
0.4892800
2.3240800
2.2573600
2.4130400
2.5464800
8.9404800
9.9746400
10.1303200
10.6640800
7.1501600
5.9936800
3.1024800
4.5592000
2.6243200
10.3860800
5.8936000
13.7443200
16.1351200
16.9246400
4.7593600
1.4456000
2.8578400
2.1684000
2.9801600
3.3248800
6.7832000
7.4059200
7.9063200
21.2392000
26.4544800
19.0152000
5.0707200
6.7053600
10.4530560
19.7268800
18.0588800
8.1064800
5.6934400
9.7522400
12.8324800
14.3559200
17.8587200
19.0040800
22.9516800
12.0985600
13.6108800
6.1160000
9.7744800
1.0675200
17.9032000
15.5680000
5.3820800
3.8030400
13.6998400
10.2637600
2.4908800
5.9158400
19.5489600
23.9080000
18.7260800
7.0500800
9.8634400
5.3376000
2.8578400
3.8030400
4.2700800
4.7260000
5.0596000
0.4892800
5.6044800
5.4376800
2.8244800
3.1358400
2.6354400
2.9579200
4.9372800
4.1255200
4.8038400
7.1835200
9.0072000
11.5981600
14.0112000
0.1668000
1.0341600
11.6315200
11.0088000
6.0159200
16.5020800
10.5862400
9.9968800
10.1970400
12.0096000
19.6045600
12.4321600
15.5568800
11.2756800
9.6299200
19.2153600
21.1168800
9.1295200
4.9150400
7.4726400
5.3153600
3.4027200
2.7355200
7.3948000
13.1104800
2.1350400
7.5504800
11.0199200
10.8308800
12.8436000
9.1517600
12.8992000
13.2995200
14.2892000
19.0263200
18.4592000
7.5504800
11.2979200
18.3591200
7.9841600
2.9023200
4.8260800
4.6815200
11.5314400
15.7125600
10.8308800
10.4416800
10.1080800
9.6521600
4.5480800
14.5560800
11.5648000
11.8539200
14.9452800
5.3264800
7.9285600
1.6568800
1.0230400
5.3932000
2.7132800
4.2367200
7.8173600
6.9944800
8.8515200
12.1986400
15.6903200
15.9794400
6.3828800
3.9698400
8.0953600
12.0540800
5.1819200
12.3876800
6.3161600
0.9118400
3.7140800
8.4178400
9.6744000
12.5767200
13.1772000
13.9889600
11.3201600
11.0310400
5.4710400
8.1954400
11.4869600
9.8856800
9.4964800
3.5472800
15.5457600
13.9333600
16.6355200
12.9770400
10.7085600
4.3034400
7.6839200
4.7482400
